-16 2.05549e+21 1.432e-13 -1.43157e-13 0.000102584 0.00049954 2.31996e-24 0.999398 0 0 
-15.982 2.09355e+21 1.40643e-13 -1.406e-13 0.000104448 0.000508617 2.49331e-24 0.999387 0 0 
-15.964 2.1323e+21 1.38133e-13 -1.3809e-13 0.000106346 0.000517858 2.67961e-24 0.999376 0 0 
-15.9459 2.17176e+21 1.35667e-13 -1.35624e-13 0.000108278 0.000527268 2.87983e-24 0.999364 0 0 
-15.9279 2.21194e+21 1.33245e-13 -1.33202e-13 0.000110246 0.000536848 3.09502e-24 0.999353 0 0 
-15.9099 2.25285e+21 1.30867e-13 -1.30824e-13 0.000112249 0.000546602 3.32628e-24 0.999341 0 0 
-15.8919 2.2945e+21 1.28531e-13 -1.28487e-13 0.000114288 0.000556533 3.57481e-24 0.999329 0 0 
-15.8739 2.3369e+21 1.26236e-13 -1.26193e-13 0.000116365 0.000566645 3.84192e-24 0.999317 0 0 
-15.8559 2.38008e+21 1.23983e-13 -1.2394e-13 0.000118479 0.00057694 4.12899e-24 0.999305 0 0 
-15.8378 2.42404e+21 1.2177e-13 -1.21727e-13 0.000120631 0.000587422 4.4375e-24 0.999292 0 0 
-15.8198 2.46881e+21 1.19596e-13 -1.19553e-13 0.000122823 0.000598095 4.76907e-24 0.999279 0 0 
-15.8018 2.51438e+21 1.17461e-13 -1.17418e-13 0.000125054 0.000608961 5.12541e-24 0.999266 0 0 
-15.7838 2.56078e+21 1.15365e-13 -1.15321e-13 0.000127326 0.000620024 5.50837e-24 0.999253 0 0 
-15.7658 2.60803e+21 1.13305e-13 -1.13262e-13 0.00012964 0.000631289 5.91995e-24 0.999239 0 0 
-15.7477 2.65614e+21 1.11283e-13 -1.1124e-13 0.000131995 0.000642757 6.36227e-24 0.999225 0 0 
-15.7297 2.70512e+21 1.09296e-13 -1.09253e-13 0.000134393 0.000654434 6.83765e-24 0.999211 0 0 
-15.7117 2.75499e+21 1.07346e-13 -1.07302e-13 0.000136834 0.000666323 7.34854e-24 0.999197 0 0 
-15.6937 2.80576e+21 1.05429e-13 -1.05386e-13 0.00013932 0.000678428 7.8976e-24 0.999182 0 0 
-15.6757 2.85746e+21 1.03548e-13 -1.03504e-13 0.000141851 0.000690752 8.48768e-24 0.999167 0 0 
-15.6577 2.9101e+21 1.01699e-13 -1.01656e-13 0.000144428 0.000703301 9.12185e-24 0.999152 0 0 
-15.6396 2.9637e+21 9.98841e-14 -9.9841e-14 0.000147051 0.000716077 9.8034e-24 0.999137 0 0 
-15.6216 3.01826e+21 9.81013e-14 -9.80582e-14 0.000149723 0.000729084 1.05359e-23 0.999121 0 0 
-15.6036 3.07383e+21 9.63503e-14 -9.63072e-14 0.000152442 0.000742328 1.13231e-23 0.999105 0 0 
-15.5856 3.1304e+21 9.46306e-14 -9.45875e-14 0.000155211 0.000755812 1.21691e-23 0.999089 0 0 
-15.5676 3.18799e+21 9.29415e-14 -9.28984e-14 0.000158031 0.000769541 1.30783e-23 0.999072 0 0 
-15.5495 3.24664e+21 9.12827e-14 -9.12396e-14 0.000160901 0.000783519 1.40554e-23 0.999056 0 0 
-15.5315 3.30635e+21 8.96535e-14 -8.96104e-14 0.000163824 0.000797751 1.51056e-23 0.999038 0 0 
-15.5135 3.36715e+21 8.80533e-14 -8.80102e-14 0.000166799 0.000812241 1.62342e-23 0.999021 0 0 
-15.4955 3.42905e+21 8.64817e-14 -8.64386e-14 0.000169829 0.000826994 1.74471e-23 0.999003 0 0 
-15.4775 3.49207e+21 8.49382e-14 -8.48951e-14 0.000172914 0.000842015 1.87506e-23 0.998985 0 0 
-15.4595 3.55625e+21 8.34223e-14 -8.33792e-14 0.000176054 0.000857308 2.01515e-23 0.998967 0 0 
-15.4414 3.62158e+21 8.19334e-14 -8.18903e-14 0.000179252 0.000872878 2.16571e-23 0.998948 0 0 
-15.4234 3.68811e+21 8.04711e-14 -8.0428e-14 0.000182507 0.000888731 2.32752e-23 0.998929 0 0 
-15.4054 3.75584e+21 7.9035e-14 -7.89919e-14 0.000185822 0.000904872 2.50141e-23 0.998909 0 0 
-15.3874 3.82481e+21 7.76244e-14 -7.75813e-14 0.000189197 0.000921305 2.68829e-23 0.998889 0 0 
-15.3694 3.89502e+21 7.62391e-14 -7.6196e-14 0.000192633 0.000938037 2.88914e-23 0.998869 0 0 
-15.3514 3.96652e+21 7.48785e-14 -7.48354e-14 0.000196131 0.000955072 3.10499e-23 0.998849 0 0 
-15.3333 4.03931e+21 7.35422e-14 -7.34991e-14 0.000199693 0.000972416 3.33696e-23 0.998828 0 0 
-15.3153 4.11343e+21 7.22297e-14 -7.21866e-14 0.000203319 0.000990075 3.58627e-23 0.998807 0 0 
-15.2973 4.18889e+21 7.09407e-14 -7.08976e-14 0.000207011 0.00100805 3.85419e-23 0.998785 0 0 
-15.2793 4.26572e+21 6.96747e-14 -6.96316e-14 0.00021077 0.00102636 4.14214e-23 0.998763 0 0 
-15.2613 4.34395e+21 6.84313e-14 -6.83882e-14 0.000214597 0.001045 4.45159e-23 0.99874 0 0 
-15.2432 4.4236e+21 6.72101e-14 -6.7167e-14 0.000218494 0.00106397 4.78416e-23 0.998718 0 0 
-15.2252 4.5047e+21 6.60108e-14 -6.59677e-14 0.000222461 0.00108329 5.14157e-23 0.998694 0 0 
-15.2072 4.58727e+21 6.48328e-14 -6.47897e-14 0.000226501 0.00110296 5.52569e-23 0.998671 0 0 
-15.1892 4.67134e+21 6.36759e-14 -6.36328e-14 0.000230613 0.00112299 5.93849e-23 0.998646 0 0 
-15.1712 4.75694e+21 6.25396e-14 -6.24965e-14 0.0002348 0.00114338 6.38214e-23 0.998622 0 0 
-15.1532 4.84409e+21 6.14236e-14 -6.13805e-14 0.000239063 0.00116413 6.85892e-23 0.998597 0 0 
-15.1351 4.93283e+21 6.03276e-14 -6.02845e-14 0.000243404 0.00118527 7.37132e-23 0.998571 0 0 
-15.1171 5.02318e+21 5.92511e-14 -5.9208e-14 0.000247822 0.00120679 7.92199e-23 0.998545 0 0 
-15.0991 5.11517e+21 5.81938e-14 -5.81507e-14 0.000252322 0.0012287 8.5138e-23 0.998519 0 0 
-15.0811 5.20883e+21 5.71555e-14 -5.71124e-14 0.000256902 0.001251 9.14981e-23 0.998492 0 0 
-15.0631 5.3042e+21 5.61356e-14 -5.60925e-14 0.000261566 0.00127371 9.83333e-23 0.998465 0 0 
-15.045 5.4013e+21 5.5134e-14 -5.50909e-14 0.000266314 0.00129683 1.05679e-22 0.998437 0 0 
-15.027 5.50016e+21 5.41503e-14 -5.41072e-14 0.000271148 0.00132037 1.13574e-22 0.998408 0 0 
-15.009 5.60081e+21 5.31841e-14 -5.3141e-14 0.00027607 0.00134434 1.22058e-22 0.99838 0 0 
-14.991 5.7033e+21 5.22352e-14 -5.21921e-14 0.000281081 0.00136874 1.31176e-22 0.99835 0 0 
-14.973 5.80765e+21 5.13032e-14 -5.12601e-14 0.000286183 0.00139359 1.40974e-22 0.99832 0 0 
-14.955 5.91389e+21 5.03878e-14 -5.03448e-14 0.000291377 0.00141888 1.51505e-22 0.99829 0 0 
-14.9369 6.02206e+21 4.94889e-14 -4.94458e-14 0.000296666 0.00144463 1.62823e-22 0.998259 0 0 
-14.9189 6.1322e+21 4.86059e-14 -4.85628e-14 0.00030205 0.00147085 1.74985e-22 0.998227 0 0 
-14.9009 6.24434e+21 4.77388e-14 -4.76957e-14 0.000307532 0.00149755 1.88056e-22 0.998195 0 0 
-14.8829 6.35851e+21 4.68871e-14 -4.6844e-14 0.000313113 0.00152472 2.02104e-22 0.998162 0 0 
-14.8649 6.47476e+21 4.60506e-14 -4.60075e-14 0.000318795 0.00155239 2.172e-22 0.998129 0 0 
-14.8468 6.59312e+21 4.5229e-14 -4.5186e-14 0.00032458 0.00158056 2.33424e-22 0.998095 0 0 
-14.8288 6.71363e+21 4.44222e-14 -4.43791e-14 0.00033047 0.00160924 2.5086e-22 0.99806 0 0 
-14.8108 6.83633e+21 4.36297e-14 -4.35866e-14 0.000336466 0.00163844 2.69598e-22 0.998025 0 0 
-14.7928 6.96126e+21 4.28514e-14 -4.28083e-14 0.000342571 0.00166817 2.89735e-22 0.997989 0 0 
-14.7748 7.08846e+21 4.2087e-14 -4.20439e-14 0.000348787 0.00169844 3.11377e-22 0.997953 0 0 
-14.7568 7.21796e+21 4.13362e-14 -4.12931e-14 0.000355115 0.00172926 3.34634e-22 0.997916 0 0 
-14.7387 7.34982e+21 4.05989e-14 -4.05558e-14 0.000361558 0.00176063 3.59629e-22 0.997878 0 0 
-14.7207 7.48408e+21 3.98747e-14 -3.98316e-14 0.000368117 0.00179257 3.8649e-22 0.997839 0 0 
-14.7027 7.62077e+21 3.91634e-14 -3.91203e-14 0.000374795 0.00182509 4.15357e-22 0.9978 0 0 
-14.6847 7.75994e+21 3.84649e-14 -3.84218e-14 0.000381594 0.0018582 4.4638e-22 0.99776 0 0 
-14.6667 7.90165e+21 3.77788e-14 -3.77357e-14 0.000388517 0.00189191 4.7972e-22 0.99772 0 0 
-14.6486 8.04592e+21 3.71049e-14 -3.70619e-14 0.000395564 0.00192622 5.15549e-22 0.997678 0 0 
-14.6306 8.19282e+21 3.64431e-14 -3.64001e-14 0.000402739 0.00196116 5.54054e-22 0.997636 0 0 
-14.6126 8.34238e+21 3.57932e-14 -3.57501e-14 0.000410043 0.00199673 5.95435e-22 0.997593 0 0 
-14.5946 8.49466e+21 3.51548e-14 -3.51117e-14 0.00041748 0.00203295 6.39905e-22 0.99755 0 0 
-14.5766 8.64971e+21 3.45278e-14 -3.44847e-14 0.000425052 0.00206982 6.87696e-22 0.997505 0 0 
-14.5586 8.80757e+21 3.3912e-14 -3.38689e-14 0.00043276 0.00210735 7.39056e-22 0.99746 0 0 
-14.5405 8.96829e+21 3.33072e-14 -3.32642e-14 0.000440608 0.00214557 7.94251e-22 0.997414 0 0 
-14.5225 9.13194e+21 3.27132e-14 -3.26702e-14 0.000448598 0.00218448 8.53568e-22 0.997367 0 0 
-14.5045 9.29855e+21 3.21299e-14 -3.20868e-14 0.000456732 0.00222409 9.17314e-22 0.997319 0 0 
-14.4865 9.4682e+21 3.15569e-14 -3.15138e-14 0.000465013 0.00226441 9.85819e-22 0.997271 0 0 
-14.4685 9.64092e+21 3.09942e-14 -3.09511e-14 0.000473444 0.00230547 1.05944e-21 0.997221 0 0 
-14.4505 9.81678e+21 3.04415e-14 -3.03984e-14 0.000482028 0.00234727 1.13856e-21 0.997171 0 0 
-14.4324 9.99583e+21 2.98987e-14 -2.98556e-14 0.000490766 0.00238982 1.22358e-21 0.997119 0 0 
-14.4144 1.01781e+22 2.93655e-14 -2.93225e-14 0.000499663 0.00243314 1.31495e-21 0.997067 0 0 
-14.3964 1.03637e+22 2.88419e-14 -2.87989e-14 0.00050872 0.00247725 1.41315e-21 0.997014 0 0 
-14.3784 1.05527e+22 2.83277e-14 -2.82846e-14 0.000517942 0.00252215 1.51868e-21 0.99696 0 0 
-14.3604 1.07451e+22 2.78226e-14 -2.77796e-14 0.000527329 0.00256786 1.63208e-21 0.996905 0 0 
-14.3423 1.0941e+22 2.73266e-14 -2.72835e-14 0.000536887 0.0026144 1.75395e-21 0.996849 0 0 
-14.3243 1.11405e+22 2.68394e-14 -2.67963e-14 0.000546617 0.00266179 1.88492e-21 0.996792 0 0 
-14.3063 1.13436e+22 2.63609e-14 -2.63178e-14 0.000556522 0.00271002 2.02567e-21 0.996733 0 0 
-14.2883 1.15503e+22 2.58909e-14 -2.58479e-14 0.000566607 0.00275913 2.17692e-21 0.996674 0 0 
-14.2703 1.17609e+22 2.54294e-14 -2.53863e-14 0.000576874 0.00280912 2.33947e-21 0.996614 0 0 
-14.2523 1.19752e+22 2.49761e-14 -2.4933e-14 0.000587326 0.00286002 2.51415e-21 0.996553 0 0 
-14.2342 1.21934e+22 2.45308e-14 -2.44878e-14 0.000597967 0.00291184 2.70187e-21 0.99649 0 0 
-14.2162 1.24156e+22 2.40936e-14 -2.40505e-14 0.0006088 0.00296459 2.9036e-21 0.996427 0 0 
-14.1982 1.26418e+22 2.36641e-14 -2.36211e-14 0.000619828 0.00301829 3.12039e-21 0.996362 0 0 
-14.1802 1.28722e+22 2.32423e-14 -2.31993e-14 0.000631056 0.00307297 3.35337e-21 0.996296 0 0 
-14.1622 1.31067e+22 2.28281e-14 -2.2785e-14 0.000642486 0.00312863 3.60373e-21 0.996229 0 0 
-14.1441 1.33454e+22 2.24212e-14 -2.23782e-14 0.000654122 0.00318529 3.87278e-21 0.996161 0 0 
-14.1261 1.35885e+22 2.20216e-14 -2.19786e-14 0.000665969 0.00324298 4.16192e-21 0.996091 0 0 
-14.1081 1.3836e+22 2.16291e-14 -2.15861e-14 0.000678029 0.00330171 4.47263e-21 0.99602 0 0 
-14.0901 1.4088e+22 2.12437e-14 -2.12006e-14 0.000690306 0.00336149 4.80653e-21 0.995948 0 0 
-14.0721 1.43446e+22 2.08651e-14 -2.08221e-14 0.000702805 0.00342236 5.16536e-21 0.995875 0 0 
-14.0541 1.46058e+22 2.04933e-14 -2.04503e-14 0.000715529 0.00348432 5.55096e-21 0.9958 0 0 
-14.036 1.48718e+22 2.01281e-14 -2.00851e-14 0.000728483 0.0035474 5.96535e-21 0.995724 0 0 
-14.018 1.51426e+22 1.97695e-14 -1.97264e-14 0.00074167 0.00361161 6.41066e-21 0.995647 0 0 
-14 1.54183e+22 1.94172e-14 -1.93742e-14 0.000755095 0.00367698 6.8892e-21 0.995568 0 0 
-13.982 1.5699e+22 1.90713e-14 -1.90282e-14 0.000768762 0.00374354 7.40345e-21 0.995488 0 0 
-13.964 1.59848e+22 1.87315e-14 -1.86885e-14 0.000782675 0.00381128 7.95608e-21 0.995406 0 0 
-13.9459 1.62758e+22 1.83978e-14 -1.83547e-14 0.000796838 0.00388026 8.54994e-21 0.995323 0 0 
-13.9279 1.6572e+22 1.807e-14 -1.8027e-14 0.000811257 0.00395047 9.18812e-21 0.995238 0 0 
-13.9099 1.68737e+22 1.77481e-14 -1.77051e-14 0.000825935 0.00402194 9.87392e-21 0.995152 0 0 
-13.8919 1.71808e+22 1.7432e-14 -1.73889e-14 0.000840877 0.00409471 1.06109e-20 0.995064 0 0 
-13.8739 1.74935e+22 1.71214e-14 -1.70784e-14 0.000856089 0.00416878 1.14029e-20 0.994975 0 0 
-13.8559 1.78118e+22 1.68165e-14 -1.67735e-14 0.000871574 0.00424419 1.22539e-20 0.994884 0 0 
-13.8378 1.81359e+22 1.6517e-14 -1.6474e-14 0.000887338 0.00432095 1.31684e-20 0.994792 0 0 
-13.8198 1.84659e+22 1.62228e-14 -1.61798e-14 0.000903385 0.00439909 1.41512e-20 0.994698 0 0 
-13.8018 1.88019e+22 1.59339e-14 -1.58909e-14 0.000919721 0.00447864 1.52073e-20 0.994602 0 0 
-13.7838 1.9144e+22 1.56501e-14 -1.56071e-14 0.000936351 0.00455962 1.63422e-20 0.994504 0 0 
-13.7658 1.94922e+22 1.53714e-14 -1.53284e-14 0.00095328 0.00464206 1.75617e-20 0.994405 0 0 
-13.7477 1.98468e+22 1.50977e-14 -1.50547e-14 0.000970513 0.00472598 1.88723e-20 0.994304 0 0 
-13.7297 2.02078e+22 1.48289e-14 -1.47859e-14 0.000988056 0.0048114 2.02805e-20 0.994201 0 0 
-13.7117 2.05754e+22 1.45649e-14 -1.45219e-14 0.00100591 0.00489836 2.17939e-20 0.994096 0 0 
-13.6937 2.09496e+22 1.43055e-14 -1.42626e-14 0.00102409 0.00498689 2.34201e-20 0.993989 0 0 
-13.6757 2.13306e+22 1.40509e-14 -1.40079e-14 0.0010426 0.005077 2.51675e-20 0.99388 0 0 
-13.6577 2.17185e+22 1.38007e-14 -1.37577e-14 0.00106144 0.00516873 2.70454e-20 0.99377 0 0 
-13.6396 2.21135e+22 1.35551e-14 -1.35121e-14 0.00108061 0.00526211 2.90633e-20 0.993657 0 0 
-13.6216 2.25156e+22 1.33138e-14 -1.32708e-14 0.00110013 0.00535717 3.12316e-20 0.993543 0 0 
-13.6036 2.29249e+22 1.30768e-14 -1.30338e-14 0.00112 0.00545393 3.35617e-20 0.993426 0 0 
-13.5856 2.33417e+22 1.28441e-14 -1.28011e-14 0.00114023 0.00555242 3.60656e-20 0.993307 0 0 
-13.5676 2.37661e+22 1.26155e-14 -1.25725e-14 0.00116082 0.00565268 3.87562e-20 0.993186 0 0 
-13.5495 2.41982e+22 1.2391e-14 -1.2348e-14 0.00118178 0.00575474 4.16473e-20 0.993063 0 0 
-13.5315 2.4638e+22 1.21705e-14 -1.21275e-14 0.00120311 0.00585863 4.47541e-20 0.992938 0 0 
-13.5135 2.50859e+22 1.19539e-14 -1.1911e-14 0.00122483 0.00596439 4.80926e-20 0.992811 0 0 
-13.4955 2.55418e+22 1.17412e-14 -1.16983e-14 0.00124694 0.00607203 5.16799e-20 0.992681 0 0 
-13.4775 2.6006e+22 1.15324e-14 -1.14894e-14 0.00126944 0.00618161 5.55347e-20 0.992549 0 0 
-13.4595 2.64787e+22 1.13272e-14 -1.12842e-14 0.00129234 0.00629315 5.96769e-20 0.992415 0 0 
-13.4414 2.69598e+22 1.11257e-14 -1.10827e-14 0.00131566 0.00640668 6.41278e-20 0.992278 0 0 
-13.4234 2.74497e+22 1.09278e-14 -1.08848e-14 0.00133939 0.00652225 6.89106e-20 0.992138 0 0 
-13.4054 2.79485e+22 1.07334e-14 -1.06905e-14 0.00136355 0.00663988 7.40499e-20 0.991997 0 0 
-13.3874 2.84563e+22 1.05425e-14 -1.04996e-14 0.00138814 0.00675962 7.95723e-20 0.991852 0 0 
-13.3694 2.89733e+22 1.0355e-14 -1.03121e-14 0.00141316 0.0068815 8.55063e-20 0.991705 0 0 
-13.3514 2.94996e+22 1.01709e-14 -1.0128e-14 0.00143864 0.00700556 9.18825e-20 0.991556 0 0 
-13.3333 3.00355e+22 9.99005e-15 -9.94711e-15 0.00146457 0.00713183 9.8734e-20 0.991404 0 0 
-13.3153 3.05811e+22 9.81242e-15 -9.76949e-15 0.00149097 0.00726036 1.06096e-19 0.991249 0 0 
-13.2973 3.11366e+22 9.63797e-15 -9.59504e-15 0.00151783 0.00739119 1.14007e-19 0.991091 0 0 
-13.2793 3.17021e+22 9.46664e-15 -9.42371e-15 0.00154518 0.00752435 1.22507e-19 0.99093 0 0 
-13.2613 3.22778e+22 9.29836e-15 -9.25544e-15 0.00157301 0.00765989 1.31641e-19 0.990767 0 0 
-13.2432 3.2864e+22 9.13309e-15 -9.09017e-15 0.00160134 0.00779785 1.41455e-19 0.990601 0 0 
-13.2252 3.34608e+22 8.97077e-15 -8.92785e-15 0.00163018 0.00793827 1.52e-19 0.990432 0 0 
-13.2072 3.40683e+22 8.81135e-15 -8.76844e-15 0.00165953 0.00808119 1.63331e-19 0.990259 0 0 
-13.1892 3.46869e+22 8.65477e-15 -8.61186e-15 0.0016894 0.00822666 1.75506e-19 0.990084 0 0 
-13.1712 3.53167e+22 8.501e-15 -8.45809e-15 0.00171981 0.00837472 1.88588e-19 0.989905 0 0 
-13.1532 3.59578e+22 8.34996e-15 -8.30706e-15 0.00175076 0.00852542 2.02645e-19 0.989724 0 0 
-13.1351 3.66106e+22 8.20163e-15 -8.15873e-15 0.00178225 0.0086788 2.17748e-19 0.989539 0 0 
-13.1171 3.72751e+22 8.05594e-15 -8.01304e-15 0.00181431 0.00883491 2.33977e-19 0.989351 0 0 
-13.0991 3.79517e+22 7.91285e-15 -7.86996e-15 0.00184694 0.0089938 2.51414e-19 0.989159 0 0 
-13.0811 3.86405e+22 7.77232e-15 -7.72943e-15 0.00188015 0.00915552 2.70149e-19 0.988964 0 0 
-13.0631 3.93417e+22 7.6343e-15 -7.59142e-15 0.00191395 0.00932011 2.9028e-19 0.988766 0 0 
-13.045 4.00556e+22 7.49874e-15 -7.45586e-15 0.00194835 0.00948762 3.1191e-19 0.988564 0 0 
-13.027 4.07825e+22 7.3656e-15 -7.32273e-15 0.00198336 0.00965811 3.3515e-19 0.988359 0 0 
-13.009 4.15224e+22 7.23484e-15 -7.19198e-15 0.00201899 0.00983163 3.60121e-19 0.988149 0 0 
-12.991 4.22758e+22 7.10642e-15 -7.06356e-15 0.00205526 0.0100082 3.8695e-19 0.987937 0 0 
-12.973 4.30427e+22 6.98029e-15 -6.93743e-15 0.00209217 0.010188 4.15777e-19 0.98772 0 0 
-12.955 4.38236e+22 6.85641e-15 -6.81355e-15 0.00212973 0.0103709 4.46749e-19 0.987499 0 0 
-12.9369 4.46185e+22 6.73474e-15 -6.69189e-15 0.00216796 0.010557 4.80027e-19 0.987275 0 0 
-12.9189 4.54278e+22 6.61525e-15 -6.5724e-15 0.00220687 0.0107465 5.15781e-19 0.987047 0 0 
-12.9009 4.62517e+22 6.49789e-15 -6.45505e-15 0.00224646 0.0109393 5.54197e-19 0.986814 0 0 
-12.8829 4.70904e+22 6.38262e-15 -6.33979e-15 0.00228676 0.0111355 5.95471e-19 0.986578 0 0 
-12.8649 4.79444e+22 6.26941e-15 -6.22658e-15 0.00232776 0.0113352 6.39816e-19 0.986337 0 0 
-12.8468 4.88137e+22 6.15823e-15 -6.1154e-15 0.0023695 0.0115384 6.8746e-19 0.986092 0 0 
-12.8288 4.96988e+22 6.04903e-15 -6.00621e-15 0.00241197 0.0117452 7.38649e-19 0.985843 0 0 
-12.8108 5.05998e+22 5.94177e-15 -5.89896e-15 0.00245519 0.0119557 7.93646e-19 0.985589 0 0 
-12.7928 5.15171e+22 5.83644e-15 -5.79363e-15 0.00249917 0.0121699 8.52734e-19 0.985331 0 0 
-12.7748 5.24509e+22 5.73298e-15 -5.69018e-15 0.00254393 0.0123878 9.16217e-19 0.985068 0 0 
-12.7568 5.34016e+22 5.63138e-15 -5.58858e-15 0.00258948 0.0126096 9.84421e-19 0.984801 0 0 
-12.7387 5.43694e+22 5.53158e-15 -5.48879e-15 0.00263583 0.0128354 1.0577e-18 0.984529 0 0 
-12.7207 5.53547e+22 5.43357e-15 -5.39079e-15 0.002683 0.0130651 1.13642e-18 0.984252 0 0 
-12.7027 5.63578e+22 5.33731e-15 -5.29453e-15 0.002731 0.0132988 1.221e-18 0.98397 0 0 
-12.6847 5.73789e+22 5.24277e-15 -5.2e-15 0.00277984 0.0135366 1.31187e-18 0.983684 0 0 
-12.6667 5.84185e+22 5.14991e-15 -5.10715e-15 0.00282954 0.0137787 1.40949e-18 0.983392 0 0 
-12.6486 5.94768e+22 5.05872e-15 -5.01596e-15 0.00288012 0.0140249 1.51437e-18 0.983095 0 0 
-12.6306 6.05542e+22 4.96915e-15 -4.92639e-15 0.00293158 0.0142755 1.62704e-18 0.982793 0 0 
-12.6126 6.1651e+22 4.88118e-15 -4.83843e-15 0.00298395 0.0145305 1.74809e-18 0.982486 0 0 
-12.5946 6.27676e+22 4.79478e-15 -4.75204e-15 0.00303724 0.01479 1.87813e-18 0.982173 0 0 
-12.5766 6.39043e+22 4.70992e-15 -4.66719e-15 0.00309145 0.015054 2.01783e-18 0.981855 0 0 
-12.5586 6.50614e+22 4.62658e-15 -4.58386e-15 0.00314662 0.0153227 2.16791e-18 0.981531 0 0 
-12.5405 6.62394e+22 4.54473e-15 -4.50201e-15 0.00320276 0.015596 2.32915e-18 0.981201 0 0 
-12.5225 6.74387e+22 4.46434e-15 -4.42163e-15 0.00325987 0.0158742 2.50235e-18 0.980866 0 0 
-12.5045 6.86595e+22 4.38538e-15 -4.34268e-15 0.00331799 0.0161572 2.68843e-18 0.980525 0 0 
-12.4865 6.99023e+22 4.30784e-15 -4.26514e-15 0.00337712 0.0164451 2.88832e-18 0.980178 0 0 
-12.4685 7.11675e+22 4.23168e-15 -4.18899e-15 0.00343728 0.0167381 3.10305e-18 0.979825 0 0 
-12.4505 7.24554e+22 4.15688e-15 -4.1142e-15 0.00349849 0.0170361 3.33373e-18 0.979465 0 0 
-12.4324 7.37665e+22 4.08341e-15 -4.04074e-15 0.00356077 0.0173394 3.58153e-18 0.9791 0 0 
-12.4144 7.51012e+22 4.01126e-15 -3.96859e-15 0.00362413 0.0176479 3.84772e-18 0.978728 0 0 
-12.3964 7.64599e+22 3.94039e-15 -3.89773e-15 0.00368859 0.0179619 4.13368e-18 0.97835 0 0 
-12.3784 7.7843e+22 3.87079e-15 -3.82814e-15 0.00375418 0.0182812 4.44085e-18 0.977965 0 0 
-12.3604 7.9251e+22 3.80243e-15 -3.75979e-15 0.00382091 0.0186061 4.77082e-18 0.977573 0 0 
-12.3423 8.06843e+22 3.73529e-15 -3.69266e-15 0.00388879 0.0189367 5.12526e-18 0.977174 0 0 
-12.3243 8.21434e+22 3.66936e-15 -3.62673e-15 0.00395785 0.019273 5.506e-18 0.976769 0 0 
-12.3063 8.36287e+22 3.60459e-15 -3.56198e-15 0.00402811 0.0196151 5.91498e-18 0.976357 0 0 
-12.2883 8.51407e+22 3.54099e-15 -3.49839e-15 0.00409958 0.0199632 6.3543e-18 0.975937 0 0 
-12.2703 8.66798e+22 3.47852e-15 -3.43593e-15 0.00417229 0.0203172 6.82618e-18 0.97551 0 0 
-12.2523 8.82466e+22 3.41716e-15 -3.37458e-15 0.00424626 0.0206774 7.33306e-18 0.975076 0 0 
-12.2342 8.98414e+22 3.35691e-15 -3.31433e-15 0.0043215 0.0210438 7.87751e-18 0.974635 0 0 
-12.2162 9.1465e+22 3.29772e-15 -3.25516e-15 0.00439805 0.0214166 8.46231e-18 0.974185 0 0 
-12.1982 9.31176e+22 3.2396e-15 -3.19704e-15 0.00447591 0.0217957 9.09046e-18 0.973728 0 0 
-12.1802 9.47999e+22 3.18251e-15 -3.13996e-15 0.00455511 0.0221814 9.76515e-18 0.973263 0 0 
-12.1622 9.65124e+22 3.12644e-15 -3.0839e-15 0.00463567 0.0225737 1.04898e-17 0.972791 0 0 
-12.1441 9.82556e+22 3.07137e-15 -3.02885e-15 0.00471762 0.0229728 1.12682e-17 0.97231 0 0 
-12.1261 1.0003e+23 3.01729e-15 -2.97477e-15 0.00480098 0.0233787 1.21042e-17 0.97182 0 0 
-12.1081 1.01836e+23 2.96417e-15 -2.92166e-15 0.00488576 0.0237915 1.30021e-17 0.971323 0 0 
-12.0901 1.03675e+23 2.91199e-15 -2.8695e-15 0.004972 0.0242115 1.39665e-17 0.970817 0 0 
-12.0721 1.05546e+23 2.86075e-15 -2.81827e-15 0.00505971 0.0246386 1.50023e-17 0.970302 0 0 
-12.0541 1.07451e+23 2.81043e-15 -2.76796e-15 0.00514893 0.025073 1.61148e-17 0.969778 0 0 
-12.036 1.09391e+23 2.761e-15 -2.71855e-15 0.00523966 0.0255149 1.73096e-17 0.969245 0 0 
-12.018 1.11364e+23 2.71246e-15 -2.67001e-15 0.00533194 0.0259642 1.85928e-17 0.968704 0 0 
-12 1.13374e+23 2.66478e-15 -2.62235e-15 0.0054258 0.0264213 1.99709e-17 0.968153 0 0 
-11.982 1.15419e+23 2.61795e-15 -2.57553e-15 0.00552125 0.0268861 2.1451e-17 0.967593 0 0 
-11.964 1.175e+23 2.57196e-15 -2.52956e-15 0.00561832 0.0273588 2.30405e-17 0.967023 0 0 
-11.9459 1.19619e+23 2.52679e-15 -2.4844e-15 0.00571704 0.0278395 2.47475e-17 0.966443 0 0 
-11.9279 1.21776e+23 2.48243e-15 -2.44005e-15 0.00581744 0.0283284 2.65807e-17 0.965854 0 0 
-11.9099 1.23972e+23 2.43886e-15 -2.39649e-15 0.00591953 0.0288255 2.85495e-17 0.965255 0 0 
-11.8919 1.26206e+23 2.39607e-15 -2.35371e-15 0.00602335 0.0293311 3.06637e-17 0.964646 0 0 
-11.8739 1.28481e+23 2.35404e-15 -2.31169e-15 0.00612892 0.0298452 3.29341e-17 0.964026 0 0 
-11.8559 1.30796e+23 2.31276e-15 -2.27043e-15 0.00623628 0.030368 3.53722e-17 0.963396 0 0 
-11.8378 1.33152e+23 2.27222e-15 -2.2299e-15 0.00634544 0.0308995 3.79904e-17 0.962755 0 0 
-11.8198 1.3555e+23 2.2324e-15 -2.1901e-15 0.00645643 0.03144 4.08019e-17 0.962104 0 0 
-11.8018 1.37992e+23 2.19329e-15 -2.151e-15 0.00656929 0.0319896 4.3821e-17 0.961441 0 0 
-11.7838 1.40476e+23 2.15488e-15 -2.11261e-15 0.00668405 0.0325484 4.70628e-17 0.960768 0 0 
-11.7658 1.43005e+23 2.11715e-15 -2.0749e-15 0.00680072 0.0331166 5.05439e-17 0.960083 0 0 
-11.7477 1.45579e+23 2.0801e-15 -2.03786e-15 0.00691935 0.0336942 5.42818e-17 0.959386 0 0 
-11.7297 1.48199e+23 2.04371e-15 -2.00149e-15 0.00703995 0.0342815 5.82954e-17 0.958679 0 0 
-11.7117 1.50866e+23 2.00797e-15 -1.96576e-15 0.00716256 0.0348786 6.26049e-17 0.957959 0 0 
-11.6937 1.5358e+23 1.97287e-15 -1.93068e-15 0.00728722 0.0354856 6.72322e-17 0.957227 0 0 
-11.6757 1.56342e+23 1.9384e-15 -1.89622e-15 0.00741394 0.0361027 7.22005e-17 0.956483 0 0 
-11.6577 1.59153e+23 1.90454e-15 -1.86238e-15 0.00754277 0.03673 7.75349e-17 0.955727 0 0 
-11.6396 1.62015e+23 1.87128e-15 -1.82914e-15 0.00767373 0.0373677 8.32623e-17 0.954959 0 0 
-11.6216 1.64927e+23 1.83862e-15 -1.79649e-15 0.00780686 0.038016 8.94115e-17 0.954177 0 0 
-11.6036 1.67891e+23 1.80654e-15 -1.76443e-15 0.00794218 0.038675 9.60134e-17 0.953383 0 0 
-11.5856 1.70907e+23 1.77503e-15 -1.73294e-15 0.00807973 0.0393448 1.03101e-16 0.952575 0 0 
-11.5676 1.73977e+23 1.74409e-15 -1.70201e-15 0.00821955 0.0400256 1.10711e-16 0.951755 0 0 
-11.5495 1.77102e+23 1.71369e-15 -1.67164e-15 0.00836165 0.0407176 1.1888e-16 0.950921 0 0 
-11.5315 1.80282e+23 1.68384e-15 -1.64181e-15 0.00850609 0.041421 1.27651e-16 0.950073 0 0 
-11.5135 1.83518e+23 1.65453e-15 -1.61251e-15 0.00865289 0.0421358 1.37066e-16 0.949211 0 0 
-11.4955 1.86812e+23 1.62573e-15 -1.58374e-15 0.00880208 0.0428623 1.47174e-16 0.948336 0 0 
-11.4775 1.90164e+23 1.59745e-15 -1.55547e-15 0.0089537 0.0436006 1.58024e-16 0.947446 0 0 
-11.4595 1.93575e+23 1.56968e-15 -1.52772e-15 0.00910779 0.044351 1.69671e-16 0.946541 0 0 
-11.4414 1.97046e+23 1.5424e-15 -1.50046e-15 0.00926438 0.0451135 1.82174e-16 0.945622 0 0 
-11.4234 2.00579e+23 1.5156e-15 -1.47369e-15 0.0094235 0.0458883 1.95595e-16 0.944688 0 0 
-11.4054 2.04175e+23 1.48929e-15 -1.44739e-15 0.00958519 0.0466757 2.10001e-16 0.943739 0 0 
-11.3874 2.07834e+23 1.46344e-15 -1.42157e-15 0.00974949 0.0474758 2.25465e-16 0.942775 0 0 
-11.3694 2.11557e+23 1.43806e-15 -1.39621e-15 0.00991643 0.0482887 2.42063e-16 0.941795 0 0 
-11.3514 2.15347e+23 1.41312e-15 -1.3713e-15 0.0100861 0.0491147 2.59878e-16 0.940799 0 0 
-11.3333 2.19203e+23 1.38864e-15 -1.34683e-15 0.0102584 0.0499539 2.78999e-16 0.939788 0 0 
-11.3153 2.23127e+23 1.36459e-15 -1.3228e-15 0.0104335 0.0508065 2.99521e-16 0.93876 0 0 
-11.2973 2.2712e+23 1.34097e-15 -1.29921e-15 0.0106114 0.0516727 3.21547e-16 0.937716 0 0 
-11.2793 2.31184e+23 1.31777e-15 -1.27603e-15 0.0107921 0.0525527 3.45186e-16 0.936655 0 0 
-11.2613 2.35319e+23 1.29498e-15 -1.25327e-15 0.0109756 0.0534466 3.70556e-16 0.935578 0 0 
-11.2432 2.39526e+23 1.2726e-15 -1.23091e-15 0.0111621 0.0543546 3.97783e-16 0.934483 0 0 
-11.2252 2.43808e+23 1.25062e-15 -1.20896e-15 0.0113515 0.055277 4.27002e-16 0.933371 0 0 
-11.2072 2.48165e+23 1.22903e-15 -1.18739e-15 0.0115439 0.056214 4.58358e-16 0.932242 0 0 
-11.1892 2.52599e+23 1.20783e-15 -1.16622e-15 0.0117394 0.0571656 4.92006e-16 0.931095 0 0 
-11.1712 2.5711e+23 1.187e-15 -1.14542e-15 0.0119378 0.0581321 5.28113e-16 0.92993 0 0 
-11.1532 2.61701e+23 1.16655e-15 -1.12499e-15 0.0121394 0.0591137 5.66858e-16 0.928747 0 0 
-11.1351 2.66371e+23 1.14646e-15 -1.10493e-15 0.0123441 0.0601106 6.08433e-16 0.927545 0 0 
-11.1171 2.71124e+23 1.12673e-15 -1.08523e-15 0.012552 0.061123 6.53043e-16 0.926325 0 0 
-11.0991 2.7596e+23 1.10735e-15 -1.06587e-15 0.0127632 0.062151 7.00908e-16 0.925086 0 0 
-11.0811 2.80881e+23 1.08832e-15 -1.04687e-15 0.0129775 0.0631949 7.52264e-16 0.923828 0 0 
-11.0631 2.85887e+23 1.06963e-15 -1.0282e-15 0.0131952 0.0642549 8.07364e-16 0.92255 0 0 
-11.045 2.90981e+23 1.05127e-15 -1.00987e-15 0.0134162 0.0653311 8.66481e-16 0.921253 0 0 
-11.027 2.96164e+23 1.03323e-15 -9.9187e-16 0.0136406 0.0664238 9.29904e-16 0.919936 0 0 
-11.009 3.01438e+23 1.01552e-15 -9.74188e-16 0.0138684 0.0675332 9.97946e-16 0.918598 0 0 
-10.991 3.06803e+23 9.98125e-16 -9.56823e-16 0.0140997 0.0686594 1.07094e-15 0.917241 0 0 
-10.973 3.12262e+23 9.81039e-16 -9.39768e-16 0.0143345 0.0698027 1.14925e-15 0.915863 0 0 
-10.955 3.17816e+23 9.64257e-16 -9.23018e-16 0.0145728 0.0709633 1.23324e-15 0.914464 0 0 
-10.9369 3.23466e+23 9.47775e-16 -9.06568e-16 0.0148147 0.0721413 1.32335e-15 0.913044 0 0 
-10.9189 3.29215e+23 9.31586e-16 -8.90411e-16 0.0150603 0.073337 1.42e-15 0.911603 0 0 
-10.9009 3.35063e+23 9.15686e-16 -8.74544e-16 0.0153095 0.0745505 1.52368e-15 0.91014 0 0 
-10.8829 3.41013e+23 9.0007e-16 -8.58961e-16 0.0155624 0.0757821 1.63487e-15 0.908655 0 0 
-10.8649 3.47067e+23 8.84731e-16 -8.43657e-16 0.0158191 0.077032 1.75414e-15 0.907149 0 0 
-10.8468 3.53225e+23 8.69666e-16 -8.28626e-16 0.0160795 0.0783004 1.88205e-15 0.90562 0 0 
-10.8288 3.5949e+23 8.54869e-16 -8.13865e-16 0.0163438 0.0795874 2.01924e-15 0.904069 0 0 
-10.8108 3.65863e+23 8.40336e-16 -7.99367e-16 0.016612 0.0808933 2.16636e-15 0.902495 0 0 
-10.7928 3.72346e+23 8.26061e-16 -7.85129e-16 0.0168841 0.0822183 2.32414e-15 0.900898 0 0 
-10.7748 3.78942e+23 8.12041e-16 -7.71146e-16 0.0171602 0.0835626 2.49334e-15 0.899277 0 0 
-10.7568 3.85651e+23 7.98271e-16 -7.57413e-16 0.0174402 0.0849264 2.67478e-15 0.897633 0 0 
-10.7387 3.92476e+23 7.84746e-16 -7.43926e-16 0.0177243 0.0863098 2.86933e-15 0.895966 0 0 
-10.7207 3.99418e+23 7.71461e-16 -7.3068e-16 0.0180125 0.0877131 3.07794e-15 0.894274 0 0 
-10.7027 4.0648e+23 7.58413e-16 -7.17671e-16 0.0183048 0.0891365 3.30162e-15 0.892559 0 0 
-10.6847 4.13663e+23 7.45598e-16 -7.04895e-16 0.0186013 0.0905802 3.54144e-15 0.890819 0 0 
-10.6667 4.2097e+23 7.3301e-16 -6.92348e-16 0.018902 0.0920444 3.79856e-15 0.889054 0 0 
-10.6486 4.28402e+23 7.20647e-16 -6.80026e-16 0.0192069 0.0935292 4.07422e-15 0.887264 0 0 
-10.6306 4.35962e+23 7.08504e-16 -6.67924e-16 0.0195161 0.0950349 4.36974e-15 0.885449 0 0 
-10.6126 4.43651e+23 6.96576e-16 -6.56039e-16 0.0198296 0.0965616 4.68654e-15 0.883609 0 0 
-10.5946 4.51472e+23 6.84861e-16 -6.44367e-16 0.0201475 0.0981096 5.02614e-15 0.881743 0 0 
-10.5766 4.59426e+23 6.73355e-16 -6.32903e-16 0.0204698 0.0996791 5.39017e-15 0.879851 0 0 
-10.5586 4.67517e+23 6.62053e-16 -6.21646e-16 0.0207965 0.10127 5.78037e-15 0.877933 0 0 
-10.5405 4.75745e+23 6.50952e-16 -6.10589e-16 0.0211278 0.102883 6.19859e-15 0.875989 0 0 
-10.5225 4.84114e+23 6.40048e-16 -5.99731e-16 0.0214635 0.104518 6.64684e-15 0.874019 0 0 
-10.5045 4.92625e+23 6.29339e-16 -5.89068e-16 0.0218038 0.106175 7.12726e-15 0.872021 0 0 
-10.4865 5.01281e+23 6.1882e-16 -5.78595e-16 0.0221487 0.107854 7.64211e-15 0.869997 0 0 
-10.4685 5.10083e+23 6.08487e-16 -5.68311e-16 0.0224982 0.109556 8.19386e-15 0.867945 0 0 
-10.4505 5.19036e+23 5.98339e-16 -5.5821e-16 0.0228524 0.111281 8.78512e-15 0.865866 0 0 
-10.4324 5.2814e+23 5.88371e-16 -5.48291e-16 0.0232113 0.113029 9.41869e-15 0.86376 0 0 
-10.4144 5.37398e+23 5.7858e-16 -5.38549e-16 0.0235749 0.114799 1.00976e-14 0.861626 0 0 
-10.3964 5.46813e+23 5.68962e-16 -5.28982e-16 0.0239433 0.116593 1.08249e-14 0.859463 0 0 
-10.3784 5.56387e+23 5.59516e-16 -5.19587e-16 0.0243164 0.118411 1.16043e-14 0.857273 0 0 
-10.3604 5.66122e+23 5.50238e-16 -5.1036e-16 0.0246945 0.120251 1.24392e-14 0.855054 0 0 
-10.3423 5.76021e+23 5.41124e-16 -5.01299e-16 0.0250774 0.122116 1.33337e-14 0.852807 0 0 
-10.3243 5.86087e+23 5.32172e-16 -4.924e-16 0.0254652 0.124004 1.42919e-14 0.850531 0 0 
-10.3063 5.96323e+23 5.23379e-16 -4.83661e-16 0.0258579 0.125917 1.53184e-14 0.848226 0 0 
-10.2883 6.0673e+23 5.14742e-16 -4.75078e-16 0.0262556 0.127853 1.64178e-14 0.845891 0 0 
-10.2703 6.17311e+23 5.06258e-16 -4.6665e-16 0.0266582 0.129814 1.75955e-14 0.843528 0 0 
-10.2523 6.2807e+23 4.97924e-16 -4.58373e-16 0.0270659 0.131799 1.88568e-14 0.841135 0 0 
-10.2342 6.39009e+23 4.89739e-16 -4.50245e-16 0.0274786 0.133809 2.02077e-14 0.838712 0 0 
-10.2162 6.50131e+23 4.81699e-16 -4.42262e-16 0.0278964 0.135843 2.16543e-14 0.83626 0 0 
-10.1982 6.61438e+23 4.73801e-16 -4.34423e-16 0.0283193 0.137903 2.32035e-14 0.833778 0 0 
-10.1802 6.72933e+23 4.66043e-16 -4.26724e-16 0.0287473 0.139987 2.48625e-14 0.831266 0 0 
-10.1622 6.8462e+23 4.58422e-16 -4.19164e-16 0.0291805 0.142096 2.66388e-14 0.828723 0 0 
-10.1441 6.965e+23 4.50937e-16 -4.11739e-16 0.0296188 0.14423 2.85407e-14 0.826151 0 0 
-10.1261 7.08578e+23 4.43584e-16 -4.04448e-16 0.0300623 0.14639 3.0577e-14 0.823548 0 0 
-10.1081 7.20856e+23 4.36361e-16 -3.97288e-16 0.0305109 0.148575 3.2757e-14 0.820914 0 0 
-10.0901 7.33337e+23 4.29267e-16 -3.90257e-16 0.0309648 0.150785 3.50908e-14 0.81825 0 0 
-10.0721 7.46024e+23 4.22297e-16 -3.83352e-16 0.031424 0.153021 3.7589e-14 0.815555 0 0 
-10.0541 7.5892e+23 4.15451e-16 -3.76571e-16 0.0318884 0.155283 4.02631e-14 0.812829 0 0 
-10.036 7.72029e+23 4.08727e-16 -3.69912e-16 0.032358 0.15757 4.31253e-14 0.810072 0 0 
-10.018 7.85353e+23 4.02121e-16 -3.63373e-16 0.032833 0.159882 4.61887e-14 0.807285 0 0 
-10 7.98896e+23 3.95631e-16 -3.56952e-16 0.0333132 0.162221 4.94672e-14 0.804466 0 0 
-9.98198 8.12661e+23 3.89257e-16 -3.50646e-16 0.0337987 0.164585 5.29757e-14 0.801616 0 0 
-9.96396 8.26651e+23 3.82995e-16 -3.44453e-16 0.0342895 0.166975 5.67301e-14 0.798735 0 0 
-9.94595 8.40869e+23 3.76843e-16 -3.38372e-16 0.0347857 0.169391 6.07474e-14 0.795823 0 0 
-9.92793 8.5532e+23 3.70801e-16 -3.324e-16 0.0352871 0.171833 6.50457e-14 0.79288 0 0 
-9.90991 8.70005e+23 3.64864e-16 -3.26536e-16 0.0357939 0.174301 6.96445e-14 0.789905 0 0 
-9.89189 8.8493e+23 3.59033e-16 -3.20778e-16 0.036306 0.176795 7.45644e-14 0.786899 0 0 
-9.87387 9.00097e+23 3.53304e-16 -3.15123e-16 0.0368234 0.179314 7.98276e-14 0.783862 0 0 
-9.85586 9.15509e+23 3.47676e-16 -3.0957e-16 0.0373462 0.18186 8.54575e-14 0.780794 0 0 
-9.83784 9.31171e+23 3.42148e-16 -3.04117e-16 0.0378742 0.184431 9.14794e-14 0.777695 0 0 
-9.81982 9.47085e+23 3.36717e-16 -2.98763e-16 0.0384076 0.187028 9.79201e-14 0.774564 0 0 
-9.8018 9.63256e+23 3.31381e-16 -2.93505e-16 0.0389463 0.189651 1.04808e-13 0.771402 0 0 
-9.78378 9.79688e+23 3.26139e-16 -2.88341e-16 0.0394902 0.1923 1.12175e-13 0.768209 0 0 
-9.76577 9.96383e+23 3.2099e-16 -2.83271e-16 0.0400395 0.194975 1.20052e-13 0.764986 0 0 
-9.74775 1.01335e+24 3.15931e-16 -2.78293e-16 0.040594 0.197675 1.28475e-13 0.761731 0 0 
-9.72973 1.03058e+24 3.10961e-16 -2.73404e-16 0.0411538 0.200401 1.37481e-13 0.758445 0 0 
-9.71171 1.04809e+24 3.06078e-16 -2.68603e-16 0.0417188 0.203152 1.47109e-13 0.755129 0 0 
-9.69369 1.06588e+24 3.01281e-16 -2.63889e-16 0.042289 0.205929 1.57402e-13 0.751782 0 0 
-9.67568 1.08395e+24 2.96568e-16 -2.5926e-16 0.0428644 0.208731 1.68405e-13 0.748404 0 0 
-9.65766 1.10231e+24 2.91938e-16 -2.54715e-16 0.043445 0.211558 1.80166e-13 0.744996 0 0 
-9.63964 1.12095e+24 2.87388e-16 -2.50252e-16 0.0440308 0.214411 1.92737e-13 0.741558 0 0 
-9.62162 1.1399e+24 2.82919e-16 -2.45869e-16 0.0446217 0.217288 2.06172e-13 0.73809 0 0 
-9.6036 1.15914e+24 2.78528e-16 -2.41566e-16 0.0452176 0.22019 2.2053e-13 0.734592 0 0 
-9.58559 1.17869e+24 2.74213e-16 -2.37341e-16 0.0458186 0.223117 2.35872e-13 0.731064 0 0 
-9.56757 1.19854e+24 2.69975e-16 -2.33191e-16 0.0464247 0.226068 2.52266e-13 0.727507 0 0 
-9.54955 1.2187e+24 2.6581e-16 -2.29117e-16 0.0470357 0.229044 2.69782e-13 0.723921 0 0 
-9.53153 1.23918e+24 2.61718e-16 -2.25117e-16 0.0476517 0.232043 2.88496e-13 0.720305 0 0 
-9.51351 1.25998e+24 2.57697e-16 -2.21189e-16 0.0482726 0.235067 3.08487e-13 0.716661 0 0 
-9.4955 1.28111e+24 2.53746e-16 -2.17332e-16 0.0488984 0.238114 3.29842e-13 0.712988 0 0 
-9.47748 1.30256e+24 2.49865e-16 -2.13545e-16 0.0495289 0.241184 3.52652e-13 0.709287 0 0 
-9.45946 1.32435e+24 2.46051e-16 -2.09827e-16 0.0501643 0.244278 3.77013e-13 0.705557 0 0 
-9.44144 1.34647e+24 2.42303e-16 -2.06176e-16 0.0508044 0.247395 4.03031e-13 0.7018 0 0 
-9.42342 1.36893e+24 2.38621e-16 -2.02591e-16 0.0514491 0.250535 4.30815e-13 0.698016 0 0 
-9.40541 1.39175e+24 2.35002e-16 -1.99071e-16 0.0520985 0.253697 4.60483e-13 0.694204 0 0 
-9.38739 1.41491e+24 2.31446e-16 -1.95615e-16 0.0527524 0.256881 4.9216e-13 0.690366 0 0 
-9.36937 1.43842e+24 2.27952e-16 -1.92221e-16 0.0534109 0.260088 5.25979e-13 0.686502 0 0 
-9.35135 1.4623e+24 2.24519e-16 -1.88889e-16 0.0540737 0.263316 5.62083e-13 0.682611 0 0 
-9.33333 1.48654e+24 2.21145e-16 -1.85618e-16 0.054741 0.266565 6.00623e-13 0.678694 0 0 
-9.31532 1.51115e+24 2.1783e-16 -1.82406e-16 0.0554125 0.269835 6.41761e-13 0.674753 0 0 
-9.2973 1.53614e+24 2.14572e-16 -1.79252e-16 0.0560883 0.273126 6.85667e-13 0.670786 0 0 
-9.27928 1.5615e+24 2.1137e-16 -1.76155e-16 0.0567683 0.276437 7.32524e-13 0.666795 0 0 
-9.26126 1.58725e+24 2.08224e-16 -1.73115e-16 0.0574524 0.279768 7.82527e-13 0.66278 0 0 
-9.24324 1.61339e+24 2.05131e-16 -1.7013e-16 0.0581405 0.283119 8.35882e-13 0.658741 0 0 
-9.22523 1.63992e+24 2.02092e-16 -1.67199e-16 0.0588325 0.286489 8.92811e-13 0.654679 0 0 
-9.20721 1.66685e+24 1.99106e-16 -1.64321e-16 0.0595284 0.289877 9.53546e-13 0.650594 0 0 
-9.18919 1.69418e+24 1.96171e-16 -1.61496e-16 0.0602281 0.293285 1.01834e-12 0.646487 0 0 
-9.17117 1.72192e+24 1.93286e-16 -1.58722e-16 0.0609315 0.29671 1.08745e-12 0.642359 0 0 
-9.15315 1.75008e+24 1.90451e-16 -1.55999e-16 0.0616385 0.300153 1.16117e-12 0.638209 0 0 
-9.13514 1.77865e+24 1.87664e-16 -1.53325e-16 0.0623491 0.303613 1.23979e-12 0.634038 0 0 
-9.11712 1.80764e+24 1.84925e-16 -1.507e-16 0.0630631 0.30709 1.32364e-12 0.629847 0 0 
-9.0991 1.83707e+24 1.82233e-16 -1.48122e-16 0.0637804 0.310583 1.41305e-12 0.625637 0 0 
-9.08108 1.86693e+24 1.79587e-16 -1.45592e-16 0.064501 0.314092 1.50838e-12 0.621407 0 0 
-9.06306 1.89723e+24 1.76986e-16 -1.43107e-16 0.0652247 0.317616 1.61003e-12 0.617159 0 0 
-9.04505 1.92797e+24 1.7443e-16 -1.40668e-16 0.0659516 0.321155 1.71839e-12 0.612893 0 0 
-9.02703 1.95917e+24 1.71917e-16 -1.38274e-16 0.0666813 0.324709 1.8339e-12 0.60861 0 0 
-9.00901 1.99081e+24 1.69447e-16 -1.35922e-16 0.067414 0.328277 1.95703e-12 0.604309 0 0 
-8.99099 2.02292e+24 1.67018e-16 -1.33614e-16 0.0681494 0.331858 2.08826e-12 0.599993 0 0 
-8.97297 2.0555e+24 1.64631e-16 -1.31348e-16 0.0688874 0.335452 2.22811e-12 0.595661 0 0 
-8.95495 2.08855e+24 1.62285e-16 -1.29123e-16 0.069628 0.339058 2.37715e-12 0.591314 0 0 
-8.93694 2.12207e+24 1.59978e-16 -1.26939e-16 0.0703711 0.342676 2.53596e-12 0.586953 0 0 
-8.91892 2.15608e+24 1.5771e-16 -1.24794e-16 0.0711164 0.346306 2.70516e-12 0.582578 0 0 
-8.9009 2.19057e+24 1.55481e-16 -1.22689e-16 0.071864 0.349947 2.88543e-12 0.578189 0 0 
-8.88288 2.22556e+24 1.53289e-16 -1.20622e-16 0.0726137 0.353597 3.07746e-12 0.573789 0 0 
-8.86486 2.26105e+24 1.51134e-16 -1.18593e-16 0.0733654 0.357258 3.28202e-12 0.569377 0 0 
-8.84685 2.29705e+24 1.49015e-16 -1.16601e-16 0.074119 0.360927 3.49989e-12 0.564954 0 0 
-8.82883 2.33355e+24 1.46932e-16 -1.14645e-16 0.0748743 0.364606 3.73193e-12 0.56052 0 0 
-8.81081 2.37058e+24 1.44883e-16 -1.12725e-16 0.0756313 0.368292 3.97903e-12 0.556077 0 0 
-8.79279 2.40812e+24 1.42869e-16 -1.1084e-16 0.0763899 0.371985 4.24216e-12 0.551625 0 0 
-8.77477 2.44619e+24 1.40889e-16 -1.08989e-16 0.0771498 0.375686 4.52232e-12 0.547164 0 0 
-8.75676 2.4848e+24 1.38942e-16 -1.07172e-16 0.077911 0.379393 4.8206e-12 0.542696 0 0 
-8.73874 2.52395e+24 1.37027e-16 -1.05389e-16 0.0786734 0.383105 5.13813e-12 0.538221 0 0 
-8.72072 2.56365e+24 1.35144e-16 -1.03638e-16 0.0794369 0.386823 5.47614e-12 0.53374 0 0 
-8.7027 2.60389e+24 1.33292e-16 -1.01919e-16 0.0802013 0.390545 5.83592e-12 0.529253 0 0 
-8.68468 2.6447e+24 1.31471e-16 -1.00231e-16 0.0809665 0.394272 6.21883e-12 0.524762 0 0 
-8.66667 2.68607e+24 1.2968e-16 -9.85739e-17 0.0817323 0.398001 6.62632e-12 0.520267 0 0 
-8.64865 2.72801e+24 1.27918e-16 -9.69473e-17 0.0824988 0.401733 7.05995e-12 0.515768 0 0 
-8.63063 2.77052e+24 1.26186e-16 -9.53503e-17 0.0832656 0.405467 7.52134e-12 0.511267 0 0 
-8.61261 2.81362e+24 1.24482e-16 -9.37826e-17 0.0840328 0.409203 8.01224e-12 0.506764 0 0 
-8.59459 2.85731e+24 1.22806e-16 -9.22435e-17 0.0848002 0.41294 8.53448e-12 0.50226 0 0 
-8.57658 2.9016e+24 1.21158e-16 -9.07324e-17 0.0855676 0.416677 9.09003e-12 0.497755 0 0 
-8.55856 2.94648e+24 1.19536e-16 -8.9249e-17 0.086335 0.420414 9.68095e-12 0.493251 0 0 
-8.54054 2.99198e+24 1.17942e-16 -8.77926e-17 0.0871022 0.42415 1.03094e-11 0.488748 0 0 
-8.52252 3.03808e+24 1.16373e-16 -8.63628e-17 0.087869 0.427884 1.09779e-11 0.484247 0 0 
-8.5045 3.08481e+24 1.14829e-16 -8.49592e-17 0.0886355 0.431616 1.16887e-11 0.479748 0 0 
-8.48649 3.13217e+24 1.13311e-16 -8.35811e-17 0.0894013 0.435346 1.24445e-11 0.475253 0 0 
-8.46847 3.18016e+24 1.11817e-16 -8.22282e-17 0.0901665 0.439072 1.32481e-11 0.470762 0 0 
-8.45045 3.22879e+24 1.10348e-16 -8.08999e-17 0.0909309 0.442794 1.41025e-11 0.466275 0 0 
-8.43243 3.27806e+24 1.08902e-16 -7.95959e-17 0.0916944 0.446512 1.50107e-11 0.461794 0 0 
-8.41441 3.32799e+24 1.07479e-16 -7.83156e-17 0.0924568 0.450224 1.59762e-11 0.457319 0 0 
-8.3964 3.37858e+24 1.06079e-16 -7.70587e-17 0.093218 0.453931 1.70024e-11 0.452851 0 0 
-8.37838 3.42983e+24 1.04702e-16 -7.58247e-17 0.093978 0.457632 1.8093e-11 0.44839 0 0 
-8.36036 3.48176e+24 1.03347e-16 -7.46132e-17 0.0947365 0.461326 1.92521e-11 0.443938 0 0 
-8.34234 3.53437e+24 1.02013e-16 -7.34237e-17 0.0954935 0.465012 2.04837e-11 0.439495 0 0 
-8.32432 3.58767e+24 1.00701e-16 -7.22559e-17 0.0962489 0.46869 2.17925e-11 0.435061 0 0 
-8.30631 3.64166e+24 9.94092e-17 -7.11093e-17 0.0970024 0.47236 2.3183e-11 0.430638 0 0 
-8.28829 3.69634e+24 9.81381e-17 -6.99836e-17 0.0977541 0.47602 2.46602e-11 0.426226 0 0 
-8.27027 3.75174e+24 9.68871e-17 -6.88783e-17 0.0985039 0.479671 2.62295e-11 0.421825 0 0 
-8.25225 3.80785e+24 9.56559e-17 -6.77931e-17 0.0992515 0.483311 2.78965e-11 0.417437 0 0 
-8.23423 3.86468e+24 9.4444e-17 -6.67276e-17 0.0999968 0.486941 2.9667e-11 0.413062 0 0 
-8.21622 3.92224e+24 9.32512e-17 -6.56815e-17 0.10074 0.490559 3.15475e-11 0.408701 0 0 
-8.1982 3.98054e+24 9.2077e-17 -6.46543e-17 0.10148 0.494166 3.35445e-11 0.404354 0 0 
-8.18018 4.03957e+24 9.09212e-17 -6.36458e-17 0.102219 0.49776 3.56651e-11 0.400022 0 0 
-8.16216 4.09936e+24 8.97834e-17 -6.26555e-17 0.102954 0.501341 3.79169e-11 0.395705 0 0 
-8.14414 4.1599e+24 8.86632e-17 -6.16832e-17 0.103687 0.504909 4.03076e-11 0.391405 0 0 
-8.12613 4.22121e+24 8.75604e-17 -6.07285e-17 0.104416 0.508462 4.28458e-11 0.387121 0 0 
-8.10811 4.28329e+24 8.64747e-17 -5.9791e-17 0.105143 0.512002 4.55404e-11 0.382855 0 0 
-8.09009 4.34614e+24 8.54057e-17 -5.88705e-17 0.105867 0.515526 4.84007e-11 0.378607 0 0 
-8.07207 4.40978e+24 8.43531e-17 -5.79665e-17 0.106588 0.519035 5.14367e-11 0.374377 0 0 
-8.05405 4.47422e+24 8.33167e-17 -5.70789e-17 0.107305 0.522528 5.46589e-11 0.370167 0 0 
-8.03604 4.53945e+24 8.22962e-17 -5.62073e-17 0.108019 0.526005 5.80787e-11 0.365976 0 0 
-8.01802 4.60549e+24 8.12911e-17 -5.53514e-17 0.108729 0.529465 6.17077e-11 0.361805 0 0 
-8 4.67235e+24 8.03014e-17 -5.45108e-17 0.109437 0.532908 6.55586e-11 0.357655 0 0 
-7.98198 4.74003e+24 7.93267e-17 -5.36854e-17 0.11014 0.536334 6.96447e-11 0.353527 0 0 
-7.96396 4.80854e+24 7.83667e-17 -5.28748e-17 0.11084 0.539741 7.39799e-11 0.34942 0 0 
-7.94595 4.87789e+24 7.74212e-17 -5.20787e-17 0.111536 0.54313 7.85791e-11 0.345335 0 0 
-7.92793 4.94808e+24 7.64899e-17 -5.12969e-17 0.112228 0.5465 8.34582e-11 0.341273 0 0 
-7.90991 5.01913e+24 7.55726e-17 -5.05291e-17 0.112916 0.54985 8.86337e-11 0.337234 0 0 
-7.89189 5.09104e+24 7.4669e-17 -4.9775e-17 0.1136 0.553182 9.41234e-11 0.333219 0 0 
-7.87387 5.16382e+24 7.37788e-17 -4.90344e-17 0.11428 0.556493 9.99458e-11 0.329227 0 0 
-7.85586 5.23747e+24 7.29019e-17 -4.8307e-17 0.114956 0.559784 1.06121e-10 0.325261 0 0 
-7.83784 5.31201e+24 7.20379e-17 -4.75925e-17 0.115627 0.563054 1.12669e-10 0.321319 0 0 
-7.81982 5.38744e+24 7.11868e-17 -4.68908e-17 0.116294 0.566303 1.19614e-10 0.317402 0 0 
-7.8018 5.46377e+24 7.03481e-17 -4.62015e-17 0.116957 0.569531 1.26977e-10 0.313511 0 0 
-7.78378 5.54101e+24 6.95218e-17 -4.55245e-17 0.117616 0.572738 1.34784e-10 0.309647 0 0 
-7.76577 5.61917e+24 6.87075e-17 -4.48594e-17 0.11827 0.575922 1.43061e-10 0.305808 0 0 
-7.74775 5.69825e+24 6.79051e-17 -4.42061e-17 0.118919 0.579084 1.51836e-10 0.301997 0 0 
-7.72973 5.77827e+24 6.71144e-17 -4.35644e-17 0.119564 0.582224 1.61138e-10 0.298212 0 0 
-7.71171 5.85922e+24 6.63352e-17 -4.2934e-17 0.120204 0.585341 1.70999e-10 0.294455 0 0 
-7.69369 5.94113e+24 6.55672e-17 -4.23146e-17 0.120839 0.588435 1.8145e-10 0.290726 0 0 
-7.67568 6.02399e+24 6.48103e-17 -4.17062e-17 0.12147 0.591506 1.92528e-10 0.287024 0 0 
-7.65766 6.10782e+24 6.40642e-17 -4.11084e-17 0.122096 0.594553 2.04268e-10 0.283351 0 0 
-7.63964 6.19263e+24 6.33288e-17 -4.05212e-17 0.122717 0.597576 2.1671e-10 0.279707 0 0 
-7.62162 6.27842e+24 6.26039e-17 -3.99442e-17 0.123333 0.600576 2.29894e-10 0.276091 0 0 
-7.6036 6.3652e+24 6.18893e-17 -3.93772e-17 0.123944 0.603552 2.43865e-10 0.272505 0 0 
-7.58559 6.45298e+24 6.11849e-17 -3.88202e-17 0.12455 0.606503 2.58669e-10 0.268947 0 0 
-7.56757 6.54177e+24 6.04904e-17 -3.82728e-17 0.125151 0.60943 2.74353e-10 0.26542 0 0 
-7.54955 6.63158e+24 5.98056e-17 -3.7735e-17 0.125747 0.612332 2.9097e-10 0.261921 0 0 
-7.53153 6.72241e+24 5.91305e-17 -3.72065e-17 0.126338 0.615209 3.08575e-10 0.258453 0 0 
-7.51351 6.81429e+24 5.84648e-17 -3.66871e-17 0.126923 0.618062 3.27224e-10 0.255015 0 0 
-7.4955 6.9072e+24 5.78084e-17 -3.61767e-17 0.127504 0.620889 3.46978e-10 0.251607 0 0 
-7.47748 7.00117e+24 5.71611e-17 -3.56751e-17 0.128079 0.623691 3.67903e-10 0.248229 0 0 
-7.45946 7.0962e+24 5.65227e-17 -3.51821e-17 0.12865 0.626468 3.90066e-10 0.244882 0 0 
-7.44144 7.19231e+24 5.58932e-17 -3.46975e-17 0.129215 0.629219 4.13539e-10 0.241566 0 0 
-7.42342 7.28949e+24 5.52723e-17 -3.42213e-17 0.129775 0.631945 4.38399e-10 0.23828 0 0 
-7.40541 7.38777e+24 5.46599e-17 -3.37532e-17 0.130329 0.634646 4.64725e-10 0.235025 0 0 
-7.38739 7.48714e+24 5.40559e-17 -3.32931e-17 0.130878 0.63732 4.92604e-10 0.231801 0 0 
-7.36937 7.58762e+24 5.34601e-17 -3.28408e-17 0.131422 0.639969 5.22126e-10 0.228608 0 0 
-7.35135 7.68922e+24 5.28724e-17 -3.23962e-17 0.131961 0.642593 5.53384e-10 0.225446 0 0 
-7.33333 7.79195e+24 5.22927e-17 -3.19591e-17 0.132494 0.64519 5.86481e-10 0.222316 0 0 
-7.31532 7.89582e+24 5.17207e-17 -3.15294e-17 0.133022 0.647761 6.21523e-10 0.219216 0 0 
-7.2973 8.00084e+24 5.11564e-17 -3.11069e-17 0.133545 0.650307 6.58621e-10 0.216148 0 0 
-7.27928 8.10701e+24 5.05997e-17 -3.06915e-17 0.134063 0.652827 6.97896e-10 0.213111 0 0 
-7.26126 8.21434e+24 5.00504e-17 -3.02831e-17 0.134575 0.655321 7.39472e-10 0.210105 0 0 
-7.24324 8.32286e+24 4.95084e-17 -2.98815e-17 0.135082 0.657788 7.83483e-10 0.20713 0 0 
-7.22523 8.43256e+24 4.89735e-17 -2.94866e-17 0.135583 0.66023 8.30069e-10 0.204187 0 0 
-7.20721 8.54346e+24 4.84458e-17 -2.90983e-17 0.136079 0.662646 8.79379e-10 0.201274 0 0 
-7.18919 8.65556e+24 4.79249e-17 -2.87164e-17 0.13657 0.665037 9.31569e-10 0.198393 0 0 
-7.17117 8.76888e+24 4.74109e-17 -2.83409e-17 0.137056 0.667401 9.86806e-10 0.195543 0 0 
-7.15315 8.88343e+24 4.69036e-17 -2.79715e-17 0.137536 0.66974 1.04526e-09 0.192725 0 0 
-7.13514 8.99922e+24 4.64029e-17 -2.76082e-17 0.138011 0.672052 1.10713e-09 0.189937 0 0 
-7.11712 9.11625e+24 4.59087e-17 -2.72509e-17 0.13848 0.674339 1.1726e-09 0.18718 0 0 
-7.0991 9.23454e+24 4.54208e-17 -2.68994e-17 0.138945 0.676601 1.24188e-09 0.184454 0 0 
-7.08108 9.3541e+24 4.49393e-17 -2.65537e-17 0.139404 0.678837 1.31519e-09 0.181759 0 0 
-7.06306 9.47495e+24 4.44639e-17 -2.62136e-17 0.139858 0.681047 1.39275e-09 0.179095 0 0 
-7.04505 9.59708e+24 4.39946e-17 -2.5879e-17 0.140307 0.683232 1.47483e-09 0.176461 0 0 
-7.02703 9.72051e+24 4.35313e-17 -2.55498e-17 0.14075 0.685392 1.56166e-09 0.173858 0 0 
-7.00901 9.84525e+24 4.30739e-17 -2.52259e-17 0.141188 0.687526 1.65353e-09 0.171285 0 0 
-6.99099 9.97132e+24 4.26222e-17 -2.49072e-17 0.141622 0.689636 1.75073e-09 0.168743 0 0 
-6.97297 1.00987e+25 4.21763e-17 -2.45936e-17 0.14205 0.69172 1.85355e-09 0.16623 0 0 
-6.95495 1.02275e+25 4.17359e-17 -2.42851e-17 0.142473 0.693779 1.96232e-09 0.163748 0 0 
-6.93694 1.03576e+25 4.13011e-17 -2.39814e-17 0.14289 0.695814 2.07739e-09 0.161296 0 0 
-6.91892 1.04891e+25 4.08717e-17 -2.36826e-17 0.143303 0.697824 2.1991e-09 0.158873 0 0 
-6.9009 1.06219e+25 4.04477e-17 -2.33885e-17 0.143711 0.699809 2.32785e-09 0.15648 0 0 
-6.88288 1.07562e+25 4.00289e-17 -2.3099e-17 0.144113 0.70177 2.46403e-09 0.154117 0 0 
-6.86486 1.08918e+25 3.96152e-17 -2.28141e-17 0.144511 0.703707 2.60806e-09 0.151782 0 0 
-6.84685 1.10289e+25 3.92067e-17 -2.25336e-17 0.144904 0.705619 2.7604e-09 0.149477 0 0 
-6.82883 1.11674e+25 3.88032e-17 -2.22575e-17 0.145292 0.707508 2.92151e-09 0.147201 0 0 
-6.81081 1.13073e+25 3.84046e-17 -2.19857e-17 0.145675 0.709372 3.09191e-09 0.144953 0 0 
-6.79279 1.14487e+25 3.80109e-17 -2.17182e-17 0.146053 0.711213 3.27211e-09 0.142734 0 0 
-6.77477 1.15915e+25 3.76219e-17 -2.14547e-17 0.146426 0.71303 3.46267e-09 0.140544 0 0 
-6.75676 1.17358e+25 3.72377e-17 -2.11954e-17 0.146794 0.714824 3.66419e-09 0.138381 0 0 
-6.73874 1.18816e+25 3.68581e-17 -2.094e-17 0.147158 0.716595 3.87729e-09 0.136247 0 0 
-6.72072 1.20289e+25 3.64831e-17 -2.06885e-17 0.147517 0.718343 4.10262e-09 0.134141 0 0 
-6.7027 1.21777e+25 3.61126e-17 -2.04408e-17 0.147871 0.720067 4.34088e-09 0.132062 0 0 
-6.68468 1.23281e+25 3.57465e-17 -2.01969e-17 0.148221 0.72177 4.59281e-09 0.13001 0 0 
-6.66667 1.248e+25 3.53847e-17 -1.99567e-17 0.148565 0.723449 4.85918e-09 0.127986 0 0 
-6.64865 1.26334e+25 3.50273e-17 -1.97201e-17 0.148906 0.725106 5.14082e-09 0.125988 0 0 
-6.63063 1.27884e+25 3.46741e-17 -1.94871e-17 0.149241 0.726741 5.43859e-09 0.124017 0 0 
-6.61261 1.2945e+25 3.4325e-17 -1.92576e-17 0.149573 0.728354 5.75339e-09 0.122073 0 0 
-6.59459 1.31031e+25 3.39801e-17 -1.90315e-17 0.149899 0.729945 6.08621e-09 0.120155 0 0 
-6.57658 1.32629e+25 3.36392e-17 -1.88087e-17 0.150222 0.731515 6.43807e-09 0.118263 0 0 
-6.55856 1.34243e+25 3.33023e-17 -1.85893e-17 0.15054 0.733063 6.81003e-09 0.116397 0 0 
-6.54054 1.35873e+25 3.29693e-17 -1.83731e-17 0.150853 0.73459 7.20324e-09 0.114557 0 0 
-6.52252 1.3752e+25 3.26402e-17 -1.816e-17 0.151162 0.736095 7.61891e-09 0.112742 0 0 
-6.5045 1.39183e+25 3.23148e-17 -1.79501e-17 0.151467 0.73758 8.0583e-09 0.110952 0 0 
-6.48649 1.40863e+25 3.19933e-17 -1.77433e-17 0.151768 0.739045 8.52275e-09 0.109187 0 0 
-6.46847 1.4256e+25 3.16754e-17 -1.75394e-17 0.152065 0.740488 9.01369e-09 0.107447 0 0 
-6.45045 1.44274e+25 3.13612e-17 -1.73385e-17 0.152357 0.741912 9.53262e-09 0.105731 0 0 
-6.43243 1.46005e+25 3.10506e-17 -1.71405e-17 0.152645 0.743315 1.00811e-08 0.10404 0 0 
-6.41441 1.47753e+25 3.07435e-17 -1.69454e-17 0.152929 0.744699 1.06608e-08 0.102372 0 0 
-6.3964 1.49519e+25 3.04399e-17 -1.6753e-17 0.153209 0.746062 1.12736e-08 0.100728 0 0 
-6.37838 1.51302e+25 3.01398e-17 -1.65634e-17 0.153485 0.747407 1.19212e-08 0.0991078 0 0 
-6.36036 1.53103e+25 2.9843e-17 -1.63765e-17 0.153757 0.748732 1.26056e-08 0.0975107 0 0 
-6.34234 1.54922e+25 2.95496e-17 -1.61923e-17 0.154026 0.750038 1.33289e-08 0.0959365 0 0 
-6.32432 1.56759e+25 2.92595e-17 -1.60106e-17 0.15429 0.751325 1.40934e-08 0.0943851 0 0 
-6.30631 1.58615e+25 2.89727e-17 -1.58315e-17 0.15455 0.752593 1.49013e-08 0.0928562 0 0 
-6.28829 1.60488e+25 2.8689e-17 -1.56549e-17 0.154807 0.753843 1.5755e-08 0.0913495 0 0 
-6.27027 1.6238e+25 2.84085e-17 -1.54807e-17 0.15506 0.755075 1.66573e-08 0.0898649 0 0 
-6.25225 1.64291e+25 2.81311e-17 -1.5309e-17 0.155309 0.756289 1.76107e-08 0.0884021 0 0 
-6.23423 1.66221e+25 2.78568e-17 -1.51396e-17 0.155555 0.757484 1.86182e-08 0.0869608 0 0 
-6.21622 1.68169e+25 2.75855e-17 -1.49726e-17 0.155797 0.758662 1.96829e-08 0.0855408 0 0 
-6.1982 1.70137e+25 2.73172e-17 -1.48079e-17 0.156035 0.759823 2.08079e-08 0.0841419 0 0 
-6.18018 1.72124e+25 2.70519e-17 -1.46454e-17 0.15627 0.760966 2.19966e-08 0.0827637 0 0 
-6.16216 1.74131e+25 2.67895e-17 -1.44851e-17 0.156501 0.762093 2.32527e-08 0.0814061 0 0 
-6.14414 1.76157e+25 2.65299e-17 -1.43271e-17 0.156729 0.763202 2.45799e-08 0.0800689 0 0 
-6.12613 1.78203e+25 2.62732e-17 -1.41711e-17 0.156953 0.764295 2.59823e-08 0.0787517 0 0 
-6.10811 1.80269e+25 2.60192e-17 -1.40173e-17 0.157174 0.765371 2.7464e-08 0.0774544 0 0 
-6.09009 1.82355e+25 2.5768e-17 -1.38655e-17 0.157392 0.766431 2.90296e-08 0.0761767 0 0 
-6.07207 1.84461e+25 2.55196e-17 -1.37157e-17 0.157607 0.767475 3.06837e-08 0.0749183 0 0 
-6.05405 1.86588e+25 2.52738e-17 -1.3568e-17 0.157818 0.768503 3.24313e-08 0.0736791 0 0 
-6.03604 1.88736e+25 2.50306e-17 -1.34221e-17 0.158026 0.769516 3.42777e-08 0.0724588 0 0 
-6.01802 1.90904e+25 2.47901e-17 -1.32783e-17 0.15823 0.770513 3.62284e-08 0.0712571 0 0 
-6 1.93094e+25 2.45521e-17 -1.31363e-17 0.158432 0.771494 3.82893e-08 0.0700738 0 0 
-5.98198 1.95305e+25 2.43167e-17 -1.29962e-17 0.15863 0.772461 4.04666e-08 0.0689088 0 0 
-5.96396 1.97537e+25 2.40838e-17 -1.28579e-17 0.158826 0.773412 4.27668e-08 0.0677617 0 0 
-5.94595 1.9979e+25 2.38533e-17 -1.27214e-17 0.159018 0.774349 4.51968e-08 0.0666323 0 0 
-5.92793 2.02066e+25 2.36253e-17 -1.25866e-17 0.159208 0.775272 4.77639e-08 0.0655204 0 0 
-5.90991 2.04363e+25 2.33997e-17 -1.24536e-17 0.159394 0.77618 5.04759e-08 0.0644258 0 0 
-5.89189 2.06683e+25 2.31765e-17 -1.23224e-17 0.159578 0.777074 5.33407e-08 0.0633483 0 0 
-5.87387 2.09025e+25 2.29557e-17 -1.21928e-17 0.159758 0.777954 5.63671e-08 0.0622876 0 0 
-5.85586 2.11389e+25 2.27371e-17 -1.20648e-17 0.159936 0.77882 5.95641e-08 0.0612434 0 0 
-5.83784 2.13776e+25 2.25209e-17 -1.19385e-17 0.160111 0.779673 6.29412e-08 0.0602157 0 0 
-5.81982 2.16186e+25 2.23069e-17 -1.18138e-17 0.160284 0.780512 6.65086e-08 0.0592041 0 0 
-5.8018 2.18619e+25 2.20952e-17 -1.16906e-17 0.160453 0.781338 7.02769e-08 0.0582084 0 0 
-5.78378 2.21076e+25 2.18856e-17 -1.1569e-17 0.16062 0.782151 7.42574e-08 0.0572285 0 0 
-5.76577 2.23556e+25 2.16783e-17 -1.1449e-17 0.160785 0.782951 7.84619e-08 0.0562641 0 0 
-5.74775 2.26059e+25 2.1473e-17 -1.13304e-17 0.160946 0.783739 8.29031e-08 0.055315 0 0 
-5.72973 2.28587e+25 2.12699e-17 -1.12133e-17 0.161105 0.784514 8.75942e-08 0.054381 0 0 
-5.71171 2.31138e+25 2.10689e-17 -1.10977e-17 0.161262 0.785276 9.25492e-08 0.0534618 0 0 
-5.69369 2.33714e+25 2.087e-17 -1.09834e-17 0.161416 0.786026 9.77829e-08 0.0525573 0 0 
-5.67568 2.36315e+25 2.06731e-17 -1.08706e-17 0.161568 0.786765 1.03311e-07 0.0516673 0 0 
-5.65766 2.3894e+25 2.04783e-17 -1.07592e-17 0.161717 0.787491 1.0915e-07 0.0507916 0 0 
-5.63964 2.41591e+25 2.02854e-17 -1.06491e-17 0.161864 0.788206 1.15317e-07 0.0499299 0 0 
-5.62162 2.44266e+25 2.00945e-17 -1.05404e-17 0.162008 0.78891 1.2183e-07 0.0490821 0 0 
-5.6036 2.46967e+25 1.99056e-17 -1.0433e-17 0.16215 0.789602 1.2871e-07 0.0482479 0 0 
-5.58559 2.49693e+25 1.97185e-17 -1.03269e-17 0.16229 0.790282 1.35975e-07 0.0474272 0 0 
-5.56757 2.52446e+25 1.95334e-17 -1.0222e-17 0.162428 0.790952 1.43649e-07 0.0466198 0 0 
-5.54955 2.55224e+25 1.93502e-17 -1.01184e-17 0.162563 0.791611 1.51754e-07 0.0458255 0 0 
-5.53153 2.58029e+25 1.91688e-17 -1.00161e-17 0.162696 0.79226 1.60314e-07 0.0450441 0 0 
-5.51351 2.6086e+25 1.89892e-17 -9.91499e-18 0.162827 0.792897 1.69354e-07 0.0442753 0 0 
-5.4955 2.63718e+25 1.88115e-17 -9.81506e-18 0.162956 0.793525 1.78902e-07 0.0435191 0 0 
-5.47748 2.66603e+25 1.86355e-17 -9.71633e-18 0.163083 0.794142 1.88985e-07 0.0427753 0 0 
-5.45946 2.69515e+25 1.84613e-17 -9.61875e-18 0.163207 0.794749 1.99635e-07 0.0420436 0 0 
-5.44144 2.72455e+25 1.82889e-17 -9.52232e-18 0.16333 0.795346 2.10881e-07 0.0413238 0 0 
-5.42342 2.75423e+25 1.81182e-17 -9.42703e-18 0.163451 0.795933 2.22758e-07 0.0406159 0 0 
-5.40541 2.78418e+25 1.79492e-17 -9.33284e-18 0.163569 0.796511 2.35301e-07 0.0399196 0 0 
-5.38739 2.81441e+25 1.77819e-17 -9.23975e-18 0.163686 0.797079 2.48547e-07 0.0392347 0 0 
-5.36937 2.84493e+25 1.76162e-17 -9.14775e-18 0.163801 0.797638 2.62536e-07 0.0385611 0 0 
-5.35135 2.87574e+25 1.74522e-17 -9.0568e-18 0.163914 0.798188 2.77308e-07 0.0378986 0 0 
-5.33333 2.90684e+25 1.72898e-17 -8.9669e-18 0.164025 0.798728 2.92909e-07 0.0372471 0 0 
-5.31532 2.93823e+25 1.71291e-17 -8.87804e-18 0.164134 0.79926 3.09383e-07 0.0366063 0 0 
-5.2973 2.96991e+25 1.69699e-17 -8.79019e-18 0.164241 0.799782 3.2678e-07 0.0359762 0 0 
-5.27928 3.00189e+25 1.68123e-17 -8.70335e-18 0.164347 0.800297 3.45152e-07 0.0353565 0 0 
-5.26126 3.03417e+25 1.66563e-17 -8.61749e-18 0.16445 0.800802 3.64553e-07 0.0347471 0 0 
-5.24324 3.06675e+25 1.65017e-17 -8.53261e-18 0.164553 0.801299 3.85039e-07 0.0341478 0 0 
-5.22523 3.09964e+25 1.63488e-17 -8.44869e-18 0.164653 0.801788 4.06673e-07 0.0335585 0 0 
-5.20721 3.13283e+25 1.61973e-17 -8.36572e-18 0.164752 0.802269 4.29518e-07 0.032979 0 0 
-5.18919 3.16634e+25 1.60473e-17 -8.28367e-18 0.164849 0.802742 4.53641e-07 0.0324092 0 0 
-5.17117 3.20015e+25 1.58988e-17 -8.20255e-18 0.164944 0.803206 4.79114e-07 0.0318489 0 0 
-5.15315 3.23429e+25 1.57517e-17 -8.12234e-18 0.165038 0.803663 5.06013e-07 0.031298 0 0 
-5.13514 3.26874e+25 1.56061e-17 -8.04301e-18 0.16513 0.804113 5.34416e-07 0.0307563 0 0 
-5.11712 3.30351e+25 1.54619e-17 -7.96457e-18 0.165221 0.804555 5.64408e-07 0.0302237 0 0 
-5.0991 3.33861e+25 1.5319e-17 -7.887e-18 0.16531 0.804989 5.96078e-07 0.0297 0 0 
-5.08108 3.37404e+25 1.51776e-17 -7.81028e-18 0.165398 0.805416 6.29519e-07 0.0291852 0 0 
-5.06306 3.40979e+25 1.50376e-17 -7.73441e-18 0.165484 0.805836 6.6483e-07 0.028679 0 0 
-5.04505 3.44588e+25 1.48989e-17 -7.65937e-18 0.165569 0.806249 7.02116e-07 0.0281813 0 0 
-5.02703 3.4823e+25 1.47616e-17 -7.58516e-18 0.165652 0.806655 7.41485e-07 0.027692 0 0 
-5.00901 3.51907e+25 1.46256e-17 -7.51175e-18 0.165734 0.807054 7.83056e-07 0.027211 0 0 
-4.99099 3.55617e+25 1.44909e-17 -7.43915e-18 0.165815 0.807446 8.2695e-07 0.0267381 0 0 
-4.97297 3.59362e+25 1.43575e-17 -7.36733e-18 0.165894 0.807832 8.73297e-07 0.0262731 0 0 
-4.95495 3.63142e+25 1.42254e-17 -7.29629e-18 0.165972 0.808211 9.22234e-07 0.0258161 0 0 
-4.93694 3.66957e+25 1.40946e-17 -7.22602e-18 0.166048 0.808584 9.73905e-07 0.0253668 0 0 
-4.91892 3.70807e+25 1.3965e-17 -7.15651e-18 0.166124 0.80895 1.02846e-06 0.0249251 0 0 
-4.9009 3.74693e+25 1.38367e-17 -7.08774e-18 0.166198 0.80931 1.08607e-06 0.024491 0 0 
-4.88288 3.78615e+25 1.37096e-17 -7.01971e-18 0.16627 0.809664 1.14689e-06 0.0240641 0 0 
-4.86486 3.82573e+25 1.35837e-17 -6.95241e-18 0.166342 0.810012 1.21111e-06 0.0236446 0 0 
-4.84685 3.86568e+25 1.3459e-17 -6.88583e-18 0.166412 0.810354 1.27892e-06 0.0232322 0 0 
-4.82883 3.906e+25 1.33355e-17 -6.81995e-18 0.166481 0.810691 1.35051e-06 0.0228268 0 0 
-4.81081 3.94669e+25 1.32133e-17 -6.75477e-18 0.166549 0.811021 1.42611e-06 0.0224283 0 0 
-4.79279 3.98776e+25 1.30921e-17 -6.69029e-18 0.166616 0.811346 1.50592e-06 0.0220367 0 0 
-4.77477 4.02921e+25 1.29722e-17 -6.62648e-18 0.166681 0.811665 1.59018e-06 0.0216517 0 0 
-4.75676 4.07104e+25 1.28533e-17 -6.56335e-18 0.166746 0.811979 1.67915e-06 0.0212733 0 0 
-4.73874 4.11326e+25 1.27356e-17 -6.50088e-18 0.166809 0.812288 1.77309e-06 0.0209014 0 0 
-4.72072 4.15587e+25 1.26191e-17 -6.43907e-18 0.166871 0.812591 1.87227e-06 0.0205358 0 0 
-4.7027 4.19888e+25 1.25036e-17 -6.3779e-18 0.166933 0.812889 1.97698e-06 0.0201765 0 0 
-4.68468 4.24228e+25 1.23892e-17 -6.31737e-18 0.166993 0.813182 2.08754e-06 0.0198233 0 0 
-4.66667 4.28608e+25 1.22759e-17 -6.25747e-18 0.167052 0.81347 2.20426e-06 0.0194762 0 0 
-4.64865 4.33028e+25 1.21637e-17 -6.1982e-18 0.16711 0.813753 2.3275e-06 0.0191351 0 0 
-4.63063 4.37489e+25 1.20526e-17 -6.13954e-18 0.167167 0.814031 2.45762e-06 0.0187999 0 0 
-4.61261 4.41992e+25 1.19425e-17 -6.08148e-18 0.167223 0.814304 2.59499e-06 0.0184703 0 0 
-4.59459 4.46536e+25 1.18334e-17 -6.02403e-18 0.167278 0.814572 2.74002e-06 0.0181465 0 0 
-4.57658 4.51121e+25 1.17254e-17 -5.96717e-18 0.167332 0.814836 2.89314e-06 0.0178283 0 0 
-4.55856 4.55749e+25 1.16184e-17 -5.91089e-18 0.167386 0.815096 3.0548e-06 0.0175155 0 0 
-4.54054 4.6042e+25 1.15124e-17 -5.85519e-18 0.167438 0.815351 3.22548e-06 0.0172081 0 0 
-4.52252 4.65134e+25 1.14074e-17 -5.80006e-18 0.16749 0.815601 3.40567e-06 0.016906 0 0 
-4.5045 4.69891e+25 1.13034e-17 -5.74549e-18 0.16754 0.815847 3.59592e-06 0.0166091 0 0 
-4.48649 4.74691e+25 1.12003e-17 -5.69148e-18 0.16759 0.816089 3.79676e-06 0.0163174 0 0 
-4.46847 4.79536e+25 1.10983e-17 -5.63802e-18 0.167639 0.816327 4.00881e-06 0.0160307 0 0 
-4.45045 4.84426e+25 1.09972e-17 -5.5851e-18 0.167687 0.81656 4.23268e-06 0.0157489 0 0 
-4.43243 4.8936e+25 1.0897e-17 -5.53272e-18 0.167734 0.81679 4.46902e-06 0.015472 0 0 
-4.41441 4.9434e+25 1.07978e-17 -5.48087e-18 0.16778 0.817015 4.71854e-06 0.0152 0 0 
-4.3964 4.99365e+25 1.06995e-17 -5.42955e-18 0.167825 0.817237 4.98197e-06 0.0149326 0 0 
-4.37838 5.04437e+25 1.06021e-17 -5.37874e-18 0.16787 0.817455 5.26008e-06 0.0146698 0 0 
-4.36036 5.09555e+25 1.05057e-17 -5.32844e-18 0.167914 0.817669 5.55368e-06 0.0144117 0 0 
-4.34234 5.14721e+25 1.04101e-17 -5.27865e-18 0.167957 0.817879 5.86365e-06 0.014158 0 0 
-4.32432 5.19933e+25 1.03154e-17 -5.22936e-18 0.168 0.818085 6.19089e-06 0.0139087 0 0 
-4.30631 5.25194e+25 1.02216e-17 -5.18056e-18 0.168041 0.818288 6.53636e-06 0.0136637 0 0 
-4.28829 5.30502e+25 1.01287e-17 -5.13224e-18 0.168082 0.818488 6.90109e-06 0.013423 0 0 
-4.27027 5.3586e+25 1.00367e-17 -5.08441e-18 0.168123 0.818684 7.28613e-06 0.0131864 0 0 
-4.25225 5.41266e+25 9.94551e-18 -5.03706e-18 0.168162 0.818876 7.69262e-06 0.012954 0 0 
-4.23423 5.46723e+25 9.85518e-18 -4.99018e-18 0.168201 0.819065 8.12176e-06 0.0127256 0 0 
-4.21622 5.52229e+25 9.76568e-18 -4.94376e-18 0.168239 0.819251 8.5748e-06 0.0125012 0 0 
-4.1982 5.57785e+25 9.67702e-18 -4.8978e-18 0.168277 0.819434 9.05307e-06 0.0122807 0 0 
-4.18018 5.63393e+25 9.58918e-18 -4.8523e-18 0.168313 0.819613 9.55799e-06 0.0120641 0 0 
-4.16216 5.69052e+25 9.50216e-18 -4.80724e-18 0.16835 0.819789 1.0091e-05 0.0118512 0 0 
-4.14414 5.74762e+25 9.41595e-18 -4.76263e-18 0.168385 0.819962 1.06537e-05 0.011642 0 0 
-4.12613 5.80525e+25 9.33053e-18 -4.71846e-18 0.16842 0.820132 1.12478e-05 0.0114365 0 0 
-4.10811 5.86341e+25 9.24591e-18 -4.67473e-18 0.168454 0.820299 1.18749e-05 0.0112346 0 0 
-4.09009 5.9221e+25 9.16207e-18 -4.63142e-18 0.168488 0.820463 1.2537e-05 0.0110362 0 0 
-4.07207 5.98132e+25 9.07901e-18 -4.58854e-18 0.168521 0.820624 1.32359e-05 0.0108412 0 0 
-4.05405 6.04109e+25 8.99672e-18 -4.54608e-18 0.168554 0.820783 1.39738e-05 0.0106497 0 0 
-4.03604 6.10141e+25 8.91519e-18 -4.50403e-18 0.168586 0.820938 1.47527e-05 0.0104615 0 0 
-4.01802 6.16227e+25 8.83441e-18 -4.46239e-18 0.168617 0.821091 1.5575e-05 0.0102766 0 0 
-4 6.22369e+25 8.75438e-18 -4.42116e-18 0.168648 0.821241 1.6443e-05 0.010095 0 0 
-3.98198 6.28568e+25 8.67508e-18 -4.38033e-18 0.168678 0.821388 1.73594e-05 0.00991648 0 0 
-3.96396 6.34823e+25 8.59652e-18 -4.3399e-18 0.168708 0.821533 1.83268e-05 0.00974112 0 0 
-3.94595 6.41135e+25 8.51869e-18 -4.29985e-18 0.168737 0.821675 1.93481e-05 0.00956883 0 0 
-3.92793 6.47505e+25 8.44157e-18 -4.2602e-18 0.168765 0.821815 2.04262e-05 0.00939956 0 0 
-3.90991 6.53933e+25 8.36517e-18 -4.22093e-18 0.168794 0.821952 2.15643e-05 0.00923326 0 0 
-3.89189 6.6042e+25 8.28946e-18 -4.18204e-18 0.168821 0.822086 2.27657e-05 0.00906987 0 0 
-3.87387 6.66966e+25 8.21446e-18 -4.14353e-18 0.168848 0.822218 2.4034e-05 0.00890934 0 0 
-3.85586 6.73572e+25 8.14015e-18 -4.10538e-18 0.168875 0.822348 2.53729e-05 0.00875163 0 0 
-3.83784 6.80238e+25 8.06652e-18 -4.06761e-18 0.168901 0.822475 2.67863e-05 0.00859669 0 0 
-3.81982 6.86965e+25 7.99356e-18 -4.03019e-18 0.168927 0.8226 2.82783e-05 0.00844446 0 0 
-3.8018 6.93753e+25 7.92128e-18 -3.99314e-18 0.168952 0.822723 2.98534e-05 0.00829491 0 0 
-3.78378 7.00603e+25 7.84966e-18 -3.95644e-18 0.168977 0.822844 3.15162e-05 0.00814798 0 0 
-3.76577 7.07516e+25 7.7787e-18 -3.92009e-18 0.169001 0.822962 3.32714e-05 0.00800364 0 0 
-3.74775 7.14492e+25 7.7084e-18 -3.88409e-18 0.169025 0.823078 3.51243e-05 0.00786183 0 0 
-3.72973 7.21531e+25 7.63873e-18 -3.84844e-18 0.169048 0.823192 3.70803e-05 0.00772251 0 0 
-3.71171 7.28635e+25 7.56971e-18 -3.81312e-18 0.169071 0.823304 3.91451e-05 0.00758564 0 0 
-3.69369 7.35803e+25 7.50132e-18 -3.77814e-18 0.169094 0.823414 4.13248e-05 0.00745118 0 0 
-3.67568 7.43037e+25 7.43356e-18 -3.7435e-18 0.169116 0.823521 4.36258e-05 0.00731909 0 0 
-3.65766 7.50336e+25 7.36642e-18 -3.70918e-18 0.169138 0.823627 4.60547e-05 0.00718931 0 0 
-3.63964 7.57703e+25 7.29989e-18 -3.67519e-18 0.169159 0.823731 4.86188e-05 0.00706183 0 0 
-3.62162 7.65136e+25 7.23398e-18 -3.64152e-18 0.16918 0.823832 5.13255e-05 0.00693658 0 0 
-3.6036 7.72637e+25 7.16867e-18 -3.60817e-18 0.1692 0.823932 5.41827e-05 0.00681354 0 0 
-3.58559 7.80206e+25 7.10395e-18 -3.57514e-18 0.16922 0.82403 5.71989e-05 0.00669267 0 0 
-3.56757 7.87845e+25 7.03983e-18 -3.54242e-18 0.16924 0.824126 6.03829e-05 0.00657392 0 0 
-3.54955 7.95553e+25 6.9763e-18 -3.51001e-18 0.169259 0.82422 6.37439e-05 0.00645727 0 0 
-3.53153 8.03331e+25 6.91334e-18 -3.4779e-18 0.169278 0.824312 6.72919e-05 0.00634268 0 0 
-3.51351 8.1118e+25 6.85096e-18 -3.44609e-18 0.169297 0.824402 7.10372e-05 0.0062301 0 0 
-3.4955 8.191e+25 6.78916e-18 -3.41459e-18 0.169315 0.82449 7.49907e-05 0.00611951 0 0 
-3.47748 8.27092e+25 6.72791e-18 -3.38338e-18 0.169333 0.824577 7.91642e-05 0.00601086 0 0 
-3.45946 8.35158e+25 6.66723e-18 -3.35246e-18 0.16935 0.824662 8.35697e-05 0.00590414 0 0 
-3.44144 8.43296e+25 6.6071e-18 -3.32184e-18 0.169367 0.824745 8.82202e-05 0.00579929 0 0 
-3.42342 8.51509e+25 6.54752e-18 -3.2915e-18 0.169384 0.824827 9.31292e-05 0.0056963 0 0 
-3.40541 8.59796e+25 6.48849e-18 -3.26144e-18 0.1694 0.824906 9.83113e-05 0.00559512 0 0 
-3.38739 8.68159e+25 6.42999e-18 -3.23166e-18 0.169416 0.824984 0.000103781 0.00549573 0 0 
-3.36937 8.76598e+25 6.37203e-18 -3.20217e-18 0.169432 0.82506 0.000109556 0.0053981 0 0 
-3.35135 8.85114e+25 6.3146e-18 -3.17294e-18 0.169447 0.825135 0.000115651 0.00530218 0 0 
-3.33333 8.93707e+25 6.25769e-18 -3.14399e-18 0.169462 0.825208 0.000122085 0.00520796 0 0 
-3.31532 9.02378e+25 6.2013e-18 -3.11531e-18 0.169477 0.825279 0.000128877 0.00511541 0 0 
-3.2973 9.11128e+25 6.14542e-18 -3.0869e-18 0.169491 0.825348 0.000136047 0.00502449 0 0 
-3.27928 9.19958e+25 6.09006e-18 -3.05875e-18 0.169505 0.825416 0.000143615 0.00493517 0 0 
-3.26126 9.28868e+25 6.0352e-18 -3.03085e-18 0.169519 0.825482 0.000151604 0.00484743 0 0 
-3.24324 9.37859e+25 5.98084e-18 -3.00322e-18 0.169532 0.825547 0.000160036 0.00476125 0 0 
-3.22523 9.46931e+25 5.92697e-18 -2.97584e-18 0.169545 0.82561 0.000168938 0.00467658 0 0 
-3.20721 9.56086e+25 5.8736e-18 -2.94872e-18 0.169557 0.825671 0.000178334 0.00459342 0 0 
-3.18919 9.65324e+25 5.82071e-18 -2.92184e-18 0.16957 0.82573 0.000188253 0.00451172 0 0 
-3.17117 9.74647e+25 5.7683e-18 -2.89521e-18 0.169582 0.825788 0.000198723 0.00443146 0 0 
-3.15315 9.84053e+25 5.71638e-18 -2.86883e-18 0.169593 0.825845 0.000209774 0.00435263 0 0 
-3.13514 9.93546e+25 5.66492e-18 -2.84269e-18 0.169604 0.825899 0.00022144 0.00427519 0 0 
-3.11712 1.00312e+26 5.61394e-18 -2.81679e-18 0.169615 0.825952 0.000233754 0.00419912 0 0 
-3.0991 1.01279e+26 5.56342e-18 -2.79112e-18 0.169626 0.826003 0.000246753 0.00412439 0 0 
-3.08108 1.02254e+26 5.51335e-18 -2.76569e-18 0.169636 0.826053 0.000260473 0.00405099 0 0 
-3.06306 1.03238e+26 5.46375e-18 -2.74049e-18 0.169646 0.826101 0.000274956 0.00397888 0 0 
-3.04505 1.04232e+26 5.4146e-18 -2.71552e-18 0.169655 0.826147 0.000290244 0.00390805 0 0 
-3.02703 1.05234e+26 5.36589e-18 -2.69078e-18 0.169664 0.826191 0.000306381 0.00383847 0 0 
-3.00901 1.06245e+26 5.31763e-18 -2.66626e-18 0.169673 0.826234 0.000323415 0.00377012 0 0 
-2.99099 1.07265e+26 5.26981e-18 -2.64196e-18 0.169681 0.826274 0.000341395 0.00370298 0 0 
-2.97297 1.08295e+26 5.22242e-18 -2.61789e-18 0.169689 0.826313 0.000360373 0.00363703 0 0 
-2.95495 1.09334e+26 5.17547e-18 -2.59403e-18 0.169697 0.82635 0.000380406 0.00357224 0 0 
-2.93694 1.10382e+26 5.12894e-18 -2.57038e-18 0.169704 0.826386 0.000401552 0.00350861 0 0 
-2.91892 1.1144e+26 5.08284e-18 -2.54695e-18 0.169711 0.826419 0.000423872 0.00344609 0 0 
-2.9009 1.12508e+26 5.03716e-18 -2.52372e-18 0.169717 0.82645 0.000447431 0.00338469 0 0 
-2.88288 1.13585e+26 4.9919e-18 -2.50071e-18 0.169724 0.82648 0.000472299 0.00332437 0 0 
-2.86486 1.14672e+26 4.94704e-18 -2.4779e-18 0.169729 0.826507 0.000498548 0.00326511 0 0 
-2.84685 1.15769e+26 4.9026e-18 -2.45529e-18 0.169734 0.826532 0.000526254 0.00320691 0 0 
-2.82883 1.16876e+26 4.85856e-18 -2.43288e-18 0.169739 0.826556 0.000555499 0.00314973 0 0 
-2.81081 1.17993e+26 4.81493e-18 -2.41068e-18 0.169743 0.826577 0.000586367 0.00309356 0 0 
-2.79279 1.1912e+26 4.77169e-18 -2.38866e-18 0.169747 0.826595 0.000618949 0.00303839 0 0 
-2.77477 1.20257e+26 4.72885e-18 -2.36685e-18 0.169751 0.826612 0.000653339 0.0029842 0 0 
-2.75676 1.21404e+26 4.6864e-18 -2.34522e-18 0.169754 0.826626 0.000689638 0.00293096 0 0 
-2.73874 1.22562e+26 4.64433e-18 -2.32378e-18 0.169756 0.826637 0.000727952 0.00287866 0 0 
-2.72072 1.2373e+26 4.60266e-18 -2.30253e-18 0.169758 0.826647 0.000768392 0.00282729 0 0 
-2.7027 1.24909e+26 4.56136e-18 -2.28146e-18 0.169759 0.826653 0.000811076 0.00277682 0 0 
-2.68468 1.26099e+26 4.52044e-18 -2.26058e-18 0.16976 0.826657 0.000856129 0.00272725 0 0 
-2.66667 1.27299e+26 4.4799e-18 -2.23988e-18 0.16976 0.826658 0.000903681 0.00267856 0 0 
-2.64865 1.2851e+26 4.43972e-18 -2.21935e-18 0.16976 0.826656 0.00095387 0.00263072 0 0 
-2.63063 1.29732e+26 4.39992e-18 -2.199e-18 0.169759 0.826651 0.00100684 0.00258373 0 0 
-2.61261 1.30966e+26 4.36048e-18 -2.17882e-18 0.169757 0.826643 0.00106276 0.00253757 0 0 
-2.59459 1.3221e+26 4.3214e-18 -2.15881e-18 0.169755 0.826631 0.00112177 0.00249222 0 0 
-2.57658 1.33466e+26 4.28268e-18 -2.13898e-18 0.169752 0.826617 0.00118405 0.00244767 0 0 
-2.55856 1.34733e+26 4.24432e-18 -2.1193e-18 0.169748 0.826598 0.00124979 0.00240391 0 0 
-2.54054 1.36011e+26 4.20631e-18 -2.0998e-18 0.169743 0.826577 0.00131917 0.00236092 0 0 
-2.52252 1.37301e+26 4.16865e-18 -2.08045e-18 0.169738 0.826551 0.00139239 0.00231869 0 0 
-2.5045 1.38603e+26 4.13134e-18 -2.06127e-18 0.169732 0.826521 0.00146968 0.00227721 0 0 
-2.48649 1.39916e+26 4.09437e-18 -2.04224e-18 0.169725 0.826487 0.00155124 0.00223645 0 0 
-2.46847 1.41241e+26 4.05774e-18 -2.02336e-18 0.169717 0.826449 0.00163732 0.00219642 0 0 
-2.45045 1.42578e+26 4.02146e-18 -2.00464e-18 0.169708 0.826406 0.00172817 0.00215708 0 0 
-2.43243 1.43928e+26 3.9855e-18 -1.98607e-18 0.169699 0.826359 0.00182405 0.00211844 0 0 
-2.41441 1.45289e+26 3.94988e-18 -1.96764e-18 0.169688 0.826306 0.00192524 0.00208048 0 0 
-2.3964 1.46663e+26 3.9146e-18 -1.94937e-18 0.169676 0.826249 0.00203203 0.00204319 0 0 
-2.37838 1.48049e+26 3.87964e-18 -1.93123e-18 0.169663 0.826186 0.00214473 0.00200655 0 0 
-2.36036 1.49448e+26 3.845e-18 -1.91323e-18 0.169649 0.826117 0.00226366 0.00197056 0 0 
-2.34234 1.50859e+26 3.81069e-18 -1.89538e-18 0.169634 0.826042 0.00238918 0.0019352 0 0 
-2.32432 1.52283e+26 3.7767e-18 -1.87765e-18 0.169617 0.825961 0.00252163 0.00190045 0 0 
-2.30631 1.53719e+26 3.74303e-18 -1.86006e-18 0.169599 0.825873 0.0026614 0.00186632 0 0 
-2.28829 1.55169e+26 3.70967e-18 -1.8426e-18 0.16958 0.825779 0.0028089 0.00183278 0 0 
-2.27027 1.56632e+26 3.67663e-18 -1.82527e-18 0.169559 0.825677 0.00296454 0.00179983 0 0 
-2.25225 1.58107e+26 3.64389e-18 -1.80807e-18 0.169536 0.825568 0.00312878 0.00176746 0 0 
-2.23423 1.59596e+26 3.61147e-18 -1.79098e-18 0.169512 0.82545 0.00330209 0.00173565 0 0 
-2.21622 1.61099e+26 3.57935e-18 -1.77402e-18 0.169486 0.825324 0.00348496 0.0017044 0 0 
-2.1982 1.62615e+26 3.54754e-18 -1.75717e-18 0.169459 0.82519 0.00367793 0.00167369 0 0 
-2.18018 1.64144e+26 3.51603e-18 -1.74043e-18 0.169429 0.825046 0.00388153 0.00164352 0 0 
-2.16216 1.65687e+26 3.48482e-18 -1.72381e-18 0.169398 0.824892 0.00409635 0.00161387 0 0 
-2.14414 1.67244e+26 3.45391e-18 -1.70729e-18 0.169364 0.824728 0.00432301 0.00158474 0 0 
-2.12613 1.68815e+26 3.4233e-18 -1.69089e-18 0.169328 0.824554 0.00456215 0.00155611 0 0 
-2.10811 1.704e+26 3.39298e-18 -1.67458e-18 0.16929 0.824368 0.00481445 0.00152798 0 0 
-2.09009 1.71999e+26 3.36295e-18 -1.65837e-18 0.169249 0.82417 0.00508064 0.00150033 0 0 
-2.07207 1.73613e+26 3.33321e-18 -1.64226e-18 0.169206 0.823959 0.00536145 0.00147317 0 0 
-2.05405 1.7524e+26 3.30377e-18 -1.62624e-18 0.16916 0.823736 0.0056577 0.00144647 0 0 
-2.03604 1.76883e+26 3.27461e-18 -1.61031e-18 0.169111 0.823498 0.00597022 0.00142023 0 0 
-2.01802 1.7854e+26 3.24574e-18 -1.59446e-18 0.169059 0.823246 0.00629988 0.00139444 0 0 
-2 1.80211e+26 3.21715e-18 -1.5787e-18 0.169005 0.822979 0.00664763 0.0013691 0 0 
-1.98198 1.81898e+26 3.18885e-18 -1.56302e-18 0.168946 0.822695 0.00701443 0.00134419 0 0 
-1.96396 1.83599e+26 3.16083e-18 -1.54741e-18 0.168885 0.822394 0.00740132 0.0013197 0 0 
-1.94595 1.85316e+26 3.13309e-18 -1.53187e-18 0.168819 0.822076 0.00780937 0.00129563 0 0 
-1.92793 1.87047e+26 3.10562e-18 -1.5164e-18 0.16875 0.821738 0.00823974 0.00127197 0 0 
-1.90991 1.88794e+26 3.07844e-18 -1.501e-18 0.168676 0.821381 0.0086936 0.00124872 0 0 
-1.89189 1.90557e+26 3.05153e-18 -1.48565e-18 0.168599 0.821003 0.00917224 0.00122586 0 0 
-1.87387 1.92335e+26 3.0249e-18 -1.47036e-18 0.168517 0.820603 0.00967696 0.00120338 0 0 
-1.85586 1.94128e+26 2.99855e-18 -1.45513e-18 0.16843 0.82018 0.0102092 0.00118128 0 0 
-1.83784 1.95937e+26 2.97247e-18 -1.43993e-18 0.168338 0.819732 0.0107703 0.00115955 0 0 
-1.81982 1.97763e+26 2.94666e-18 -1.42479e-18 0.168241 0.819259 0.011362 0.00113819 0 0 
-1.8018 1.99604e+26 2.92112e-18 -1.40968e-18 0.168138 0.818759 0.0119857 0.00111718 0 0 
-1.78378 2.01461e+26 2.89586e-18 -1.3946e-18 0.16803 0.818231 0.0126432 0.00109653 0 0 
-1.76577 2.03334e+26 2.87087e-18 -1.37955e-18 0.167915 0.817673 0.0133364 0.00107621 0 0 
-1.74775 2.05224e+26 2.84614e-18 -1.36452e-18 0.167794 0.817083 0.0140669 0.00105623 0 0 
-1.72973 2.0713e+26 2.82169e-18 -1.34951e-18 0.167666 0.81646 0.0148369 0.00103658 0 0 
-1.71171 2.09053e+26 2.79751e-18 -1.33451e-18 0.167531 0.815803 0.0156484 0.00101725 0 0 
-1.69369 2.10992e+26 2.7736e-18 -1.31952e-18 0.167389 0.81511 0.0165035 0.000998238 0 0 
-1.67568 2.12948e+26 2.74996e-18 -1.30454e-18 0.167238 0.814378 0.0174045 0.000979533 0 0 
-1.65766 2.14921e+26 2.72659e-18 -1.28954e-18 0.16708 0.813605 0.0183537 0.000961129 0 0 
-1.63964 2.1691e+26 2.70349e-18 -1.27454e-18 0.166912 0.812791 0.0193537 0.000943022 0 0 
-1.62162 2.18917e+26 2.68066e-18 -1.25952e-18 0.166736 0.811932 0.0204071 0.000925203 0 0 
-1.6036 2.2094e+26 2.65811e-18 -1.24447e-18 0.16655 0.811026 0.0215165 0.000907669 0 0 
-1.58559 2.22981e+26 2.63582e-18 -1.22939e-18 0.166354 0.810071 0.0226848 0.000890411 0 0 
-1.56757 2.25039e+26 2.6138e-18 -1.21428e-18 0.166147 0.809064 0.023915 0.000873425 0 0 
-1.54955 2.27114e+26 2.59206e-18 -1.19912e-18 0.165929 0.808004 0.0252102 0.000856704 0 0 
-1.53153 2.29207e+26 2.57059e-18 -1.18391e-18 0.1657 0.806886 0.0265736 0.000840242 0 0 
-1.51351 2.31317e+26 2.5494e-18 -1.16864e-18 0.165458 0.805709 0.0280086 0.000824034 0 0 
-1.4955 2.33444e+26 2.52848e-18 -1.1533e-18 0.165204 0.80447 0.0295188 0.000808075 0 0 
-1.47748 2.3559e+26 2.50784e-18 -1.13789e-18 0.164936 0.803164 0.0311077 0.000792357 0 0 
-1.45946 2.37752e+26 2.48747e-18 -1.1224e-18 0.164653 0.80179 0.0327794 0.000776877 0 0 
-1.44144 2.39933e+26 2.46739e-18 -1.10681e-18 0.164356 0.800344 0.0345376 0.000761629 0 0 
-1.42342 2.42131e+26 2.44759e-18 -1.09112e-18 0.164044 0.798823 0.0363865 0.000746607 0 0 
-1.40541 2.44347e+26 2.42807e-18 -1.07532e-18 0.163715 0.797222 0.0383306 0.000731805 0 0 
-1.38739 2.4658e+26 2.40884e-18 -1.0594e-18 0.16337 0.795539 0.0403741 0.00071722 0 0 
-1.36937 2.48831e+26 2.3899e-18 -1.04335e-18 0.163006 0.793769 0.0425217 0.000702846 0 0 
-1.35135 2.51101e+26 2.37124e-18 -1.02717e-18 0.162624 0.791909 0.0447782 0.000688678 0 0 
-1.33333 2.53387e+26 2.35288e-18 -1.01083e-18 0.162223 0.789954 0.0471486 0.00067471 0 0 
-1.31532 2.55692e+26 2.33482e-18 -9.94337e-19 0.161801 0.7879 0.0496379 0.00066094 0 0 
-1.2973 2.58014e+26 2.31705e-18 -9.77672e-19 0.161358 0.785743 0.0522515 0.00064736 0 0 
-1.27928 2.60355e+26 2.29959e-18 -9.60825e-19 0.160893 0.783478 0.0549946 0.000633968 0 0 
-1.26126 2.62712e+26 2.28243e-18 -9.43786e-19 0.160405 0.781101 0.057873 0.000620758 0 0 
-1.24324 2.65088e+26 2.26558e-18 -9.26543e-19 0.159893 0.778607 0.0608923 0.000607727 0 0 
-1.22523 2.67481e+26 2.24904e-18 -9.09084e-19 0.159355 0.775991 0.0640584 0.00059487 0 0 
-1.20721 2.69891e+26 2.23282e-18 -8.91398e-19 0.158792 0.773248 0.0673773 0.000582182 0 0 
-1.18919 2.72319e+26 2.21692e-18 -8.73471e-19 0.158202 0.770373 0.0708552 0.00056966 0 0 
-1.17117 2.74764e+26 2.20135e-18 -8.55292e-19 0.157583 0.767361 0.0744982 0.000557301 0 0 
-1.15315 2.77227e+26 2.1861e-18 -8.36847e-19 0.156935 0.764207 0.0783126 0.000545099 0 0 
-1.13514 2.79706e+26 2.17119e-18 -8.18124e-19 0.156257 0.760905 0.0823051 0.000533052 0 0 
-1.11712 2.82202e+26 2.15662e-18 -7.99109e-19 0.155548 0.757449 0.0864819 0.000521156 0 0 
-1.0991 2.84715e+26 2.1424e-18 -7.79789e-19 0.154805 0.753835 0.0908497 0.000509408 0 0 
-1.08108 2.87245e+26 2.12852e-18 -7.60151e-19 0.15403 0.750057 0.0954151 0.000497804 0 0 
-1.06306 2.89791e+26 2.115e-18 -7.4018e-19 0.153219 0.74611 0.100185 0.000486342 0 0 
-1.04505 2.92353e+26 2.10185e-18 -7.19864e-19 0.152372 0.741988 0.105165 0.000475018 0 0 
-1.02703 2.94931e+26 2.08907e-18 -6.99187e-19 0.151489 0.737685 0.110362 0.000463831 0 0 
-1.00901 2.97524e+26 2.07666e-18 -6.78136e-19 0.150567 0.733197 0.115783 0.000452777 0 0 
-0.990991 3.00133e+26 2.06463e-18 -6.56697e-19 0.149606 0.728518 0.121434 0.000441854 0 0 
-0.972973 3.02757e+26 2.05299e-18 -6.34857e-19 0.148605 0.723643 0.127321 0.00043106 0 0 
-0.954955 3.05395e+26 2.04176e-18 -6.126e-19 0.147563 0.718567 0.13345 0.000420393 0 0 
-0.936937 3.08048e+26 2.03092e-18 -5.89912e-19 0.146478 0.713286 0.139826 0.000409851 0 0 
-0.918919 3.10714e+26 2.0205e-18 -5.66781e-19 0.145351 0.707794 0.146456 0.000399434 0 0 
-0.900901 3.13394e+26 2.0105e-18 -5.43193e-19 0.144179 0.702088 0.153344 0.000389138 0 0 
-0.882883 3.16088e+26 2.00093e-18 -5.19133e-19 0.142962 0.696163 0.160495 0.000378965 0 0 
-0.864865 3.18793e+26 1.99179e-18 -4.94589e-19 0.1417 0.690017 0.167914 0.000368912 0 0 
-0.846847 3.21511e+26 1.98311e-18 -4.69548e-19 0.140392 0.683646 0.175604 0.000358979 0 0 
-0.828829 3.24241e+26 1.97488e-18 -4.43998e-19 0.139036 0.677047 0.183568 0.000349165 0 0 
-0.810811 3.26982e+26 1.96711e-18 -4.17925e-19 0.137634 0.670218 0.191809 0.000339471 0 0 
-0.792793 3.29733e+26 1.95982e-18 -3.91319e-19 0.136184 0.663157 0.200329 0.000329897 0 0 
-0.774775 3.32494e+26 1.95301e-18 -3.64168e-19 0.134686 0.655863 0.20913 0.000320442 0 0 
-0.756757 3.35264e+26 1.9467e-18 -3.36462e-19 0.13314 0.648336 0.218212 0.000311108 0 0 
-0.738739 3.38043e+26 1.94089e-18 -3.0819e-19 0.131547 0.640576 0.227575 0.000301896 0 0 
-0.720721 3.4083e+26 1.9356e-18 -2.79344e-19 0.129906 0.632584 0.237218 0.000292806 0 0 
-0.702703 3.43624e+26 1.93083e-18 -2.49915e-19 0.128217 0.624361 0.247139 0.000283839 0 0 
-0.684685 3.46425e+26 1.9266e-18 -2.19894e-19 0.126481 0.615909 0.257334 0.000274997 0 0 
-0.666667 3.49232e+26 1.92291e-18 -1.89276e-19 0.1247 0.607233 0.267801 0.000266282 0 0 
-0.648649 3.52043e+26 1.91978e-18 -1.58054e-19 0.122873 0.598336 0.278533 0.000257695 0 0 
-0.630631 3.54859e+26 1.91722e-18 -1.26222e-19 0.121001 0.589224 0.289526 0.000249239 0 0 
-0.612613 3.57678e+26 1.91523e-18 -9.37769e-20 0.119087 0.579901 0.300771 0.000240915 0 0 
-0.594595 3.60499e+26 1.91384e-18 -6.07152e-20 0.117131 0.570375 0.312261 0.000232727 0 0 
-0.576577 3.63322e+26 1.91305e-18 -2.70344e-20 0.115134 0.560654 0.323987 0.000224675 0 0 
-0.558559 3.66146e+26 1.91287e-18 7.26679e-21 0.1131 0.550746 0.335938 0.000216764 0 0 
-0.540541 3.6897e+26 1.91331e-18 4.21886e-20 0.111028 0.54066 0.348103 0.000208994 0 0 
-0.522523 3.71792e+26 1.91439e-18 7.77303e-20 0.108923 0.530407 0.360469 0.00020137 0 0 
-0.504505 3.74612e+26 1.91612e-18 1.1389e-19 0.106785 0.519998 0.373023 0.000193893 0 0 
-0.486486 3.7743e+26 1.9185e-18 1.50666e-19 0.104618 0.509445 0.385751 0.000186566 0 0 
-0.468468 3.80243e+26 1.92155e-18 1.88053e-19 0.102424 0.49876 0.398636 0.000179391 0 0 
-0.45045 3.83052e+26 1.92528e-18 2.26047e-19 0.100206 0.487958 0.411664 0.000172372 0 0 
-0.432432 3.85854e+26 1.9297e-18 2.64644e-19 0.097966 0.477052 0.424817 0.00016551 0 0 
-0.414414 3.8865e+26 1.93482e-18 3.03836e-19 0.095708 0.466057 0.438077 0.000158808 0 0 
-0.396396 3.91438e+26 1.94065e-18 3.43616e-19 0.0934349 0.454987 0.451426 0.000152268 0 0 
-0.378378 3.94216e+26 1.94721e-18 3.83978e-19 0.0911498 0.44386 0.464845 0.000145891 0 0 
-0.36036 3.96985e+26 1.9545e-18 4.24912e-19 0.0888559 0.43269 0.478315 0.00013968 0 0 
-0.342342 3.99743e+26 1.96252e-18 4.6641e-19 0.0865566 0.421493 0.491817 0.000133636 0 0 
-0.324324 4.0249e+26 1.97131e-18 5.08463e-19 0.0842553 0.410286 0.50533 0.00012776 0 0 
-0.306306 4.05223e+26 1.98085e-18 5.5106e-19 0.0819552 0.399086 0.518836 0.000122054 0 0 
-0.288288 4.07943e+26 1.99117e-18 5.94192e-19 0.0796598 0.387909 0.532315 0.000116517 0 0 
-0.27027 4.10649e+26 2.00227e-18 6.3785e-19 0.0773724 0.37677 0.545746 0.00011115 0 0 
-0.252252 4.13339e+26 2.01416e-18 6.82022e-19 0.0750963 0.365686 0.559112 0.000105954 0 0 
-0.234234 4.16012e+26 2.02685e-18 7.26699e-19 0.0728346 0.354673 0.572392 0.000100928 0 0 
-0.216216 4.18668e+26 2.04035e-18 7.71871e-19 0.0705906 0.343745 0.585568 9.60715e-05 0 0 
-0.198198 4.21307e+26 2.05466e-18 8.17529e-19 0.0683671 0.332918 0.598623 9.1384e-05 0 0 
-0.18018 4.23926e+26 2.06981e-18 8.63662e-19 0.0661673 0.322206 0.61154 8.68643e-05 0 0 
-0.162162 4.26526e+26 2.08579e-18 9.10263e-19 0.0639938 0.311622 0.624302 8.25107e-05 0 0 
-0.144144 4.29105e+26 2.10261e-18 9.57322e-19 0.0618493 0.301179 0.636893 7.83217e-05 0 0 
-0.126126 4.31664e+26 2.12029e-18 1.00483e-18 0.0597362 0.290889 0.6493 7.42951e-05 0 0 
-0.108108 4.342e+26 2.13883e-18 1.05279e-18 0.057657 0.280765 0.661508 7.04287e-05 0 0 
-0.0900901 4.36715e+26 2.15823e-18 1.10118e-18 0.0556138 0.270815 0.673505 6.67198e-05 0 0 
-0.0720721 4.39206e+26 2.17851e-18 1.15001e-18 0.0536085 0.26105 0.685278 6.31656e-05 0 0 
-0.0540541 4.41673e+26 2.19968e-18 1.19926e-18 0.0516429 0.251479 0.696819 5.9763e-05 0 0 
-0.036036 4.44117e+26 2.22173e-18 1.24894e-18 0.0497187 0.242109 0.708116 5.65089e-05 0 0 
-0.018018 4.46536e+26 2.24469e-18 1.29904e-18 0.0478373 0.232947 0.719162 5.33997e-05 0 0 
0 4.4893e+26 2.26855e-18 1.34956e-18 0.046 0.224 0.72995 5.04318e-05 0 0 
0.018018 4.51298e+26 2.29332e-18 1.4005e-18 0.0442077 0.215272 0.740472 4.76014e-05 0 0 
0.036036 4.5364e+26 2.31902e-18 1.45185e-18 0.0424614 0.206769 0.750725 4.49046e-05 0 0 
0.0540541 4.55956e+26 2.34564e-18 1.50364e-18 0.0407619 0.198492 0.760703 4.23375e-05 0 0 
0.0720721 4.58246e+26 2.3732e-18 1.55584e-18 0.0391095 0.190446 0.770404 3.98959e-05 0 0 
0.0900901 4.60509e+26 2.40171e-18 1.60848e-18 0.0375047 0.182632 0.779826 3.75757e-05 0 0 
0.108108 4.62744e+26 2.43117e-18 1.66154e-18 0.0359477 0.17505 0.788967 3.53726e-05 0 0 
0.126126 4.64952e+26 2.46159e-18 1.71505e-18 0.0344386 0.167701 0.797827 3.32825e-05 0 0 
0.144144 4.67133e+26 2.49298e-18 1.769e-18 0.0329773 0.160585 0.806406 3.13012e-05 0 0 
0.162162 4.69286e+26 2.52534e-18 1.82341e-18 0.0315636 0.153701 0.814706 2.94244e-05 0 0 
0.18018 4.71411e+26 2.55869e-18 1.87828e-18 0.0301972 0.147047 0.822728 2.76479e-05 0 0 
0.198198 4.73508e+26 2.59303e-18 1.93362e-18 0.0288777 0.140622 0.830475 2.59676e-05 0 0 
0.216216 4.75577e+26 2.62837e-18 1.98945e-18 0.0276044 0.134421 0.83795 2.43794e-05 0 0 
0.234234 4.77618e+26 2.66472e-18 2.04577e-18 0.0263768 0.128444 0.845157 2.28793e-05 0 0 
0.252252 4.79631e+26 2.70209e-18 2.10261e-18 0.0251942 0.122685 0.8521 2.14632e-05 0 0 
0.27027 4.81616e+26 2.7405e-18 2.15996e-18 0.0240557 0.117141 0.858783 2.01274e-05 0 0 
0.288288 4.83573e+26 2.77993e-18 2.21786e-18 0.0229605 0.111808 0.865213 1.8868e-05 0 0 
0.306306 4.85502e+26 2.82042e-18 2.27631e-18 0.0219077 0.106681 0.871393 1.76814e-05 0 0 
0.324324 4.87404e+26 2.86197e-18 2.33533e-18 0.0208964 0.101756 0.877331 1.6564e-05 0 0 
0.342342 4.89277e+26 2.90458e-18 2.39494e-18 0.0199255 0.0970283 0.883031 1.55123e-05 0 0 
0.36036 4.91123e+26 2.94827e-18 2.45515e-18 0.0189939 0.0924921 0.888499 1.45231e-05 0 0 
0.378378 4.92942e+26 2.99306e-18 2.51599e-18 0.0181007 0.0881424 0.893743 1.35929e-05 0 0 
0.396396 4.94733e+26 3.03895e-18 2.57747e-18 0.0172446 0.0839739 0.898769 1.27189e-05 0 0 
0.414414 4.96497e+26 3.08594e-18 2.63962e-18 0.0164247 0.0799814 0.903582 1.18978e-05 0 0 
0.432432 4.98234e+26 3.13407e-18 2.70244e-18 0.0156398 0.0761592 0.90819 1.11269e-05 0 0 
0.45045 4.99944e+26 3.18333e-18 2.76598e-18 0.0148888 0.0725021 0.912599 1.04035e-05 0 0 
0.468468 5.01627e+26 3.23375e-18 2.83024e-18 0.0141706 0.0690044 0.916815 9.72479e-06 0 0 
0.486486 5.03285e+26 3.28533e-18 2.89524e-18 0.0134839 0.0656609 0.920846 9.08834e-06 0 0 
0.504505 5.04916e+26 3.33809e-18 2.96102e-18 0.0128279 0.0624661 0.924698 8.49174e-06 0 0 
0.522523 5.06521e+26 3.39204e-18 3.0276e-18 0.0122012 0.0594146 0.928376 7.93269e-06 0 0 
0.540541 5.08101e+26 3.4472e-18 3.09499e-18 0.0116029 0.0565012 0.931888 7.40901e-06 0 0 
0.558559 5.09655e+26 3.50357e-18 3.16323e-18 0.0110319 0.0537207 0.93524 6.91861e-06 0 0 
0.576577 5.11184e+26 3.56119e-18 3.23233e-18 0.0104872 0.051068 0.938438 6.45953e-06 0 0 
0.594595 5.12689e+26 3.62006e-18 3.30232e-18 0.00996764 0.0485381 0.941488 6.02989e-06 0 0 
0.612613 5.14169e+26 3.6802e-18 3.37324e-18 0.00947231 0.046126 0.944396 5.62793e-06 0 0 
0.630631 5.15625e+26 3.74162e-18 3.44509e-18 0.00900022 0.0438272 0.947167 5.25195e-06 0 0 
0.648649 5.17056e+26 3.80435e-18 3.51792e-18 0.00855041 0.0416368 0.949808 4.90037e-06 0 0 
0.666667 5.18464e+26 3.8684e-18 3.59174e-18 0.00812195 0.0395503 0.952323 4.57169e-06 0 0 
0.684685 5.19849e+26 3.93379e-18 3.66659e-18 0.00771393 0.0375635 0.954718 4.26449e-06 0 0 
0.702703 5.21211e+26 4.00054e-18 3.74249e-18 0.00732548 0.0356719 0.956999 3.97743e-06 0 0 
0.720721 5.2255e+26 4.06866e-18 3.81946e-18 0.00695576 0.0338715 0.959169 3.70925e-06 0 0 
0.738739 5.23866e+26 4.13818e-18 3.89755e-18 0.00660395 0.0321583 0.961234 3.45876e-06 0 0 
0.756757 5.2516e+26 4.20912e-18 3.97676e-18 0.00626924 0.0305285 0.963199 3.22483e-06 0 0 
0.774775 5.26433e+26 4.2815e-18 4.05715e-18 0.00595088 0.0289782 0.965068 3.00641e-06 0 0 
0.792793 5.27684e+26 4.35533e-18 4.13872e-18 0.00564813 0.027504 0.966845 2.8025e-06 0 0 
0.810811 5.28913e+26 4.43065e-18 4.22152e-18 0.00536029 0.0261023 0.968535 2.61218e-06 0 0 
0.828829 5.30122e+26 4.50747e-18 4.30558e-18 0.00508665 0.0247698 0.970141 2.43457e-06 0 0 
0.846847 5.3131e+26 4.58581e-18 4.39092e-18 0.00482658 0.0235034 0.971668 2.26885e-06 0 0 
0.864865 5.32478e+26 4.6657e-18 4.47757e-18 0.00457944 0.0222999 0.973119 2.11423e-06 0 0 
0.882883 5.33626e+26 4.74717e-18 4.56557e-18 0.00434462 0.0211564 0.974497 1.97e-06 0 0 
0.900901 5.34754e+26 4.83024e-18 4.65494e-18 0.00412154 0.0200701 0.975807 1.83548e-06 0 0 
0.918919 5.35863e+26 4.91493e-18 4.74573e-18 0.00390965 0.0190383 0.97705 1.71003e-06 0 0 
0.936937 5.36952e+26 5.00126e-18 4.83796e-18 0.0037084 0.0180583 0.978232 1.59304e-06 0 0 
0.954955 5.38023e+26 5.08928e-18 4.93166e-18 0.0035173 0.0171277 0.979354 1.48397e-06 0 0 
0.972973 5.39075e+26 5.17899e-18 5.02687e-18 0.00333585 0.0162441 0.980419 1.38228e-06 0 0 
0.990991 5.40109e+26 5.27043e-18 5.12362e-18 0.00316358 0.0154052 0.98143 1.28749e-06 0 0 
1.00901 5.41125e+26 5.36363e-18 5.22195e-18 0.00300004 0.0146089 0.98239 1.19913e-06 0 0 
1.02703 5.42123e+26 5.45862e-18 5.32189e-18 0.00284482 0.013853 0.983301 1.11678e-06 0 0 
1.04505 5.43104e+26 5.55542e-18 5.42347e-18 0.0026975 0.0131356 0.984166 1.04004e-06 0 0 
1.06306 5.44068e+26 5.65407e-18 5.52674e-18 0.00255769 0.0124548 0.984987 9.68527e-07 0 0 
1.08108 5.45015e+26 5.7546e-18 5.63172e-18 0.00242502 0.0118088 0.985765 9.01892e-07 0 0 
1.0991 5.45945e+26 5.85703e-18 5.73846e-18 0.00229914 0.0111958 0.986504 8.39807e-07 0 0 
1.11712 5.46859e+26 5.9614e-18 5.84698e-18 0.00217971 0.0106142 0.987205 7.81965e-07 0 0 
1.13514 5.47758e+26 6.06774e-18 5.95734e-18 0.00206641 0.0100625 0.98787 7.28081e-07 0 0 
1.15315 5.4864e+26 6.17609e-18 6.06956e-18 0.00195892 0.00953911 0.988501 6.77885e-07 0 0 
1.17117 5.49507e+26 6.28647e-18 6.18369e-18 0.00185697 0.00904264 0.9891 6.3113e-07 0 0 
1.18919 5.50359e+26 6.39894e-18 6.29976e-18 0.00176027 0.00857175 0.989667 5.8758e-07 0 0 
1.20721 5.51195e+26 6.51351e-18 6.41781e-18 0.00166855 0.00812513 0.990206 5.4702e-07 0 0 
1.22523 5.52017e+26 6.63022e-18 6.53789e-18 0.00158157 0.00770156 0.990716 5.09245e-07 0 0 
1.24324 5.52825e+26 6.74912e-18 6.66003e-18 0.00149908 0.00729987 0.991201 4.74065e-07 0 0 
1.26126 5.53618e+26 6.87023e-18 6.78428e-18 0.00142086 0.00691897 0.99166 4.41305e-07 0 0 
1.27928 5.54397e+26 6.99361e-18 6.91068e-18 0.00134669 0.00655777 0.992095 4.10799e-07 0 0 
1.2973 5.55163e+26 7.11928e-18 7.03927e-18 0.00127636 0.00621529 0.992508 3.82392e-07 0 0 
1.31532 5.55915e+26 7.24729e-18 7.1701e-18 0.00120967 0.00589057 0.992899 3.55942e-07 0 0 
1.33333 5.56654e+26 7.37768e-18 7.3032e-18 0.00114645 0.0055827 0.993271 3.31315e-07 0 0 
1.35135 5.57379e+26 7.51048e-18 7.43863e-18 0.00108651 0.00529082 0.993622 3.08386e-07 0 0 
1.36937 5.58092e+26 7.64575e-18 7.57643e-18 0.00102968 0.0050141 0.993956 2.87039e-07 0 0 
1.38739 5.58792e+26 7.78352e-18 7.71665e-18 0.000975811 0.00475178 0.994272 2.67164e-07 0 0 
1.40541 5.5948e+26 7.92384e-18 7.85932e-18 0.000924744 0.0045031 0.994572 2.48661e-07 0 0 
1.42342 5.60156e+26 8.06675e-18 8.00451e-18 0.000876335 0.00426737 0.994856 2.31436e-07 0 0 
1.44144 5.6082e+26 8.21231e-18 8.15226e-18 0.000830448 0.00404392 0.995125 2.15402e-07 0 0 
1.45946 5.61471e+26 8.36055e-18 8.30262e-18 0.000786952 0.00383212 0.995381 2.00475e-07 0 0 
1.47748 5.62112e+26 8.51152e-18 8.45563e-18 0.000745725 0.00363136 0.995623 1.8658e-07 0 0 
1.4955 5.62741e+26 8.66527e-18 8.61135e-18 0.000706648 0.00344107 0.995852 1.73646e-07 0 0 
1.51351 5.63359e+26 8.82185e-18 8.76984e-18 0.000669611 0.00326072 0.99607 1.61606e-07 0 0 
1.53153 5.63965e+26 8.98132e-18 8.93114e-18 0.000634508 0.00308978 0.996276 1.504e-07 0 0 
1.54955 5.64562e+26 9.14371e-18 9.09531e-18 0.000601239 0.00292777 0.996471 1.39969e-07 0 0 
1.56757 5.65147e+26 9.30909e-18 9.2624e-18 0.000569708 0.00277423 0.996656 1.30261e-07 0 0 
1.58559 5.65722e+26 9.47751e-18 9.43246e-18 0.000539825 0.00262871 0.996831 1.21224e-07 0 0 
1.6036 5.66287e+26 9.64902e-18 9.60556e-18 0.000511505 0.00249081 0.996998 1.12813e-07 0 0 
1.62162 5.66842e+26 9.82368e-18 9.78175e-18 0.000484667 0.00236012 0.997155 1.04985e-07 0 0 
1.63964 5.67387e+26 1.00015e-17 9.96109e-18 0.000459233 0.00223627 0.997304 9.76997e-08 0 0 
1.65766 5.67922e+26 1.01827e-17 1.01436e-17 0.00043513 0.0021189 0.997446 9.09189e-08 0 0 
1.67568 5.68448e+26 1.03671e-17 1.03295e-17 0.00041229 0.00200767 0.99758 8.46081e-08 0 0 
1.69369 5.68964e+26 1.05549e-17 1.05186e-17 0.000390645 0.00190227 0.997707 7.87348e-08 0 0 
1.71171 5.69471e+26 1.07462e-17 1.07111e-17 0.000370134 0.00180239 0.997827 7.32688e-08 0 0 
1.72973 5.6997e+26 1.09409e-17 1.09071e-17 0.000350698 0.00170775 0.997941 6.81817e-08 0 0 
1.74775 5.70459e+26 1.11392e-17 1.11066e-17 0.000332281 0.00161806 0.99805 6.34475e-08 0 0 
1.76577 5.70939e+26 1.13412e-17 1.13097e-17 0.000314829 0.00153308 0.998152 5.90417e-08 0 0 
1.78378 5.71411e+26 1.15468e-17 1.15165e-17 0.000298292 0.00145255 0.998249 5.49415e-08 0 0 
1.8018 5.71875e+26 1.17562e-17 1.1727e-17 0.000282622 0.00137625 0.998341 5.11258e-08 0 0 
1.81982 5.7233e+26 1.19694e-17 1.19412e-17 0.000267774 0.00130394 0.998428 4.75748e-08 0 0 
1.83784 5.72778e+26 1.21865e-17 1.21593e-17 0.000253705 0.00123543 0.998511 4.42703e-08 0 0 
1.85586 5.73217e+26 1.24076e-17 1.23814e-17 0.000240374 0.00117052 0.998589 4.11952e-08 0 0 
1.87387 5.73648e+26 1.26327e-17 1.26074e-17 0.000227743 0.00110901 0.998663 3.83335e-08 0 0 
1.89189 5.74072e+26 1.2862e-17 1.28375e-17 0.000215774 0.00105073 0.998733 3.56704e-08 0 0 
1.90991 5.74488e+26 1.30954e-17 1.30718e-17 0.000204434 0.000995505 0.9988 3.31922e-08 0 0 
1.92793 5.74897e+26 1.33331e-17 1.33103e-17 0.000193689 0.000943182 0.998863 3.08861e-08 0 0 
1.94595 5.75299e+26 1.35751e-17 1.35531e-17 0.000183508 0.000893606 0.998923 2.87401e-08 0 0 
1.96396 5.75693e+26 1.38215e-17 1.38003e-17 0.000173862 0.000846633 0.998979 2.67432e-08 0 0 
1.98198 5.7608e+26 1.40724e-17 1.4052e-17 0.000164723 0.000802127 0.999033 2.48849e-08 0 0 
2 5.76461e+26 1.43279e-17 1.43082e-17 0.000156063 0.000759959 0.999084 2.31557e-08 0 0 
