-12 0 0 0 -2.07247e-13 -2.07247e-13 0 0 
-11.9976 1.36867e-21 6.75069e-19 -1.36911e-21 -2.06273e-13 -2.06752e-13 -8.62643e-20 -8.65789e-20 
-11.9952 2.96221e-21 1.34973e-18 -2.96317e-21 -2.053e-13 -2.06256e-13 -1.718e-19 -1.72482e-19 
-11.9928 5.00546e-21 2.02356e-18 -5.00709e-21 -2.0433e-13 -2.05761e-13 -2.55878e-19 -2.57034e-19 
-11.9904 7.7233e-21 2.69616e-18 -7.72582e-21 -2.03363e-13 -2.05268e-13 -3.37769e-19 -3.39559e-19 
-11.988 1.13406e-20 3.36711e-18 -1.13443e-20 -2.024e-13 -2.04775e-13 -4.16746e-19 -4.1938e-19 
-11.9856 1.60335e-20 4.0361e-18 -1.60387e-20 -2.01443e-13 -2.04284e-13 -4.92236e-19 -4.9597e-19 
-11.9832 2.1781e-20 4.70314e-18 -2.17882e-20 -2.00492e-13 -2.03794e-13 -5.64306e-19 -5.69391e-19 
-11.9808 2.85122e-20 5.36835e-18 -2.85217e-20 -1.99546e-13 -2.03305e-13 -6.33184e-19 -6.39855e-19 
-11.9784 3.61563e-20 6.03184e-18 -3.61683e-20 -1.98604e-13 -2.02818e-13 -6.99097e-19 -7.07576e-19 
-11.976 4.46424e-20 6.69374e-18 -4.46573e-20 -1.97667e-13 -2.02332e-13 -7.62274e-19 -7.72767e-19 
-11.9736 5.39125e-20 7.35413e-18 -5.39306e-20 -1.96735e-13 -2.01847e-13 -8.22901e-19 -8.35601e-19 
-11.9712 6.39619e-20 8.01301e-18 -6.39835e-20 -1.95806e-13 -2.01363e-13 -8.8099e-19 -8.96094e-19 
-11.9688 7.47994e-20 8.67035e-18 -7.48247e-20 -1.94882e-13 -2.0088e-13 -9.36514e-19 -9.54218e-19 
-11.9664 8.64336e-20 9.32613e-18 -8.6463e-20 -1.93962e-13 -2.00398e-13 -9.89441e-19 -1.00995e-18 
-11.964 9.88734e-20 9.98033e-18 -9.89071e-20 -1.93046e-13 -1.99918e-13 -1.03974e-18 -1.06325e-18 
-11.9616 1.12124e-19 1.06329e-17 -1.12163e-19 -1.92135e-13 -1.99438e-13 -1.0874e-18 -1.11412e-18 
-11.9592 1.26177e-19 1.12839e-17 -1.26221e-19 -1.91228e-13 -1.9896e-13 -1.13244e-18 -1.16258e-18 
-11.9568 1.41021e-19 1.19333e-17 -1.4107e-19 -1.90326e-13 -1.98483e-13 -1.1749e-18 -1.20867e-18 
-11.9544 1.56642e-19 1.25811e-17 -1.56697e-19 -1.89428e-13 -1.98007e-13 -1.21482e-18 -1.25241e-18 
-11.952 1.7303e-19 1.32274e-17 -1.7309e-19 -1.88534e-13 -1.97533e-13 -1.25223e-18 -1.29385e-18 
-11.9496 1.90172e-19 1.38721e-17 -1.90238e-19 -1.87645e-13 -1.97059e-13 -1.28717e-18 -1.33303e-18 
-11.9472 2.08061e-19 1.45152e-17 -2.08134e-19 -1.86759e-13 -1.96587e-13 -1.31967e-18 -1.36995e-18 
-11.9448 2.26692e-19 1.51568e-17 -2.26772e-19 -1.85878e-13 -1.96115e-13 -1.34974e-18 -1.40465e-18 
-11.9424 2.46058e-19 1.57969e-17 -2.46145e-19 -1.85001e-13 -1.95645e-13 -1.3774e-18 -1.43714e-18 
-11.94 2.66153e-19 1.64353e-17 -2.66248e-19 -1.84129e-13 -1.95176e-13 -1.40267e-18 -1.46744e-18 
-11.9376 2.8697e-19 1.70723e-17 -2.87073e-19 -1.8326e-13 -1.94708e-13 -1.42556e-18 -1.49556e-18 
-11.9352 3.08503e-19 1.77077e-17 -3.08613e-19 -1.82396e-13 -1.94241e-13 -1.44611e-18 -1.52154e-18 
-11.9328 3.30744e-19 1.83416e-17 -3.30862e-19 -1.81535e-13 -1.93775e-13 -1.46433e-18 -1.54538e-18 
-11.9304 3.53685e-19 1.89739e-17 -3.53812e-19 -1.80679e-13 -1.93311e-13 -1.48025e-18 -1.56712e-18 
-11.928 3.77319e-19 1.96047e-17 -3.77455e-19 -1.79827e-13 -1.92847e-13 -1.49389e-18 -1.58678e-18 
-11.9256 4.01639e-19 2.0234e-17 -4.01784e-19 -1.78979e-13 -1.92385e-13 -1.50527e-18 -1.60437e-18 
-11.9232 4.26637e-19 2.08617e-17 -4.26793e-19 -1.78135e-13 -1.91924e-13 -1.51442e-18 -1.61993e-18 
-11.9208 4.52308e-19 2.1488e-17 -4.52474e-19 -1.77295e-13 -1.91464e-13 -1.52134e-18 -1.63346e-18 
-11.9184 4.78644e-19 2.21127e-17 -4.7882e-19 -1.76459e-13 -1.91005e-13 -1.52607e-18 -1.64499e-18 
-11.916 5.05639e-19 2.27359e-17 -5.05826e-19 -1.75627e-13 -1.90547e-13 -1.52863e-18 -1.65454e-18 
-11.9136 5.33286e-19 2.33576e-17 -5.33484e-19 -1.74799e-13 -1.9009e-13 -1.52903e-18 -1.66213e-18 
-11.9112 5.61578e-19 2.39778e-17 -5.61787e-19 -1.73974e-13 -1.89634e-13 -1.5273e-18 -1.66778e-18 
-11.9088 5.90509e-19 2.45965e-17 -5.9073e-19 -1.73154e-13 -1.89179e-13 -1.52345e-18 -1.67151e-18 
-11.9064 6.20072e-19 2.52136e-17 -6.20305e-19 -1.72338e-13 -1.88726e-13 -1.51751e-18 -1.67333e-18 
-11.904 6.50261e-19 2.58293e-17 -6.50506e-19 -1.71526e-13 -1.88273e-13 -1.5095e-18 -1.67328e-18 
-11.9016 6.81069e-19 2.64436e-17 -6.81326e-19 -1.70717e-13 -1.87822e-13 -1.49943e-18 -1.67136e-18 
-11.8992 7.12489e-19 2.70563e-17 -7.12759e-19 -1.69912e-13 -1.87371e-13 -1.48733e-18 -1.6676e-18 
-11.8968 7.44516e-19 2.76675e-17 -7.44799e-19 -1.69111e-13 -1.86922e-13 -1.47322e-18 -1.66202e-18 
-11.8944 7.77143e-19 2.82773e-17 -7.7744e-19 -1.68314e-13 -1.86474e-13 -1.45711e-18 -1.65463e-18 
-11.892 8.10364e-19 2.88856e-17 -8.10675e-19 -1.67521e-13 -1.86027e-13 -1.43902e-18 -1.64545e-18 
-11.8896 8.44172e-19 2.94924e-17 -8.44497e-19 -1.66732e-13 -1.85581e-13 -1.41898e-18 -1.63451e-18 
-11.8872 8.78562e-19 3.00977e-17 -8.78901e-19 -1.65946e-13 -1.85136e-13 -1.397e-18 -1.62182e-18 
-11.8848 9.13527e-19 3.07016e-17 -9.13881e-19 -1.65164e-13 -1.84692e-13 -1.3731e-18 -1.6074e-18 
-11.8824 9.49061e-19 3.1304e-17 -9.49431e-19 -1.64386e-13 -1.84249e-13 -1.3473e-18 -1.59126e-18 
-11.88 9.85159e-19 3.19049e-17 -9.85544e-19 -1.63611e-13 -1.83808e-13 -1.31962e-18 -1.57343e-18 
-11.8776 1.02181e-18 3.25044e-17 -1.02222e-18 -1.6284e-13 -1.83367e-13 -1.29007e-18 -1.55393e-18 
-11.8752 1.05902e-18 3.31025e-17 -1.05944e-18 -1.62073e-13 -1.82927e-13 -1.25868e-18 -1.53276e-18 
-11.8728 1.09677e-18 3.36991e-17 -1.09721e-18 -1.6131e-13 -1.82489e-13 -1.22547e-18 -1.50995e-18 
-11.8704 1.13506e-18 3.42942e-17 -1.13551e-18 -1.6055e-13 -1.82051e-13 -1.19044e-18 -1.48552e-18 
-11.868 1.17389e-18 3.48879e-17 -1.17436e-18 -1.59793e-13 -1.81615e-13 -1.15362e-18 -1.45948e-18 
-11.8656 1.21324e-18 3.54802e-17 -1.21373e-18 -1.59041e-13 -1.81179e-13 -1.11503e-18 -1.43186e-18 
-11.8632 1.25312e-18 3.6071e-17 -1.25362e-18 -1.58292e-13 -1.80745e-13 -1.07468e-18 -1.40266e-18 
-11.8608 1.29351e-18 3.66604e-17 -1.29403e-18 -1.57546e-13 -1.80311e-13 -1.03259e-18 -1.3719e-18 
-11.8584 1.33442e-18 3.72484e-17 -1.33496e-18 -1.56804e-13 -1.79879e-13 -9.88785e-19 -1.33961e-18 
-11.856 1.37583e-18 3.7835e-17 -1.37639e-18 -1.56066e-13 -1.79448e-13 -9.43271e-19 -1.30579e-18 
-11.8536 1.41774e-18 3.84201e-17 -1.41832e-18 -1.55331e-13 -1.79018e-13 -8.9607e-19 -1.27047e-18 
-11.8512 1.46014e-18 3.90038e-17 -1.46074e-18 -1.54599e-13 -1.78588e-13 -8.47198e-19 -1.23366e-18 
-11.8488 1.50304e-18 3.95861e-17 -1.50365e-18 -1.53871e-13 -1.7816e-13 -7.96672e-19 -1.19537e-18 
-11.8464 1.54641e-18 4.0167e-17 -1.54705e-18 -1.53147e-13 -1.77733e-13 -7.44508e-19 -1.15563e-18 
-11.844 1.59027e-18 4.07464e-17 -1.59093e-18 -1.52426e-13 -1.77307e-13 -6.90724e-19 -1.11445e-18 
-11.8416 1.6346e-18 4.13245e-17 -1.63528e-18 -1.51708e-13 -1.76882e-13 -6.35334e-19 -1.07184e-18 
-11.8392 1.6794e-18 4.19012e-17 -1.6801e-18 -1.50994e-13 -1.76458e-13 -5.78356e-19 -1.02782e-18 
-11.8368 1.72466e-18 4.24765e-17 -1.72538e-18 -1.50283e-13 -1.76035e-13 -5.19805e-19 -9.82413e-19 
-11.8344 1.77038e-18 4.30503e-17 -1.77113e-18 -1.49576e-13 -1.75613e-13 -4.59697e-19 -9.35624e-19 
-11.832 1.81655e-18 4.36228e-17 -1.81732e-18 -1.48872e-13 -1.75192e-13 -3.98049e-19 -8.87472e-19 
-11.8296 1.86317e-18 4.41939e-17 -1.86396e-18 -1.48171e-13 -1.74771e-13 -3.34875e-19 -8.37972e-19 
-11.8272 1.91023e-18 4.47636e-17 -1.91105e-18 -1.47474e-13 -1.74352e-13 -2.70192e-19 -7.8714e-19 
-11.8248 1.95773e-18 4.5332e-17 -1.95857e-18 -1.4678e-13 -1.73934e-13 -2.04014e-19 -7.3499e-19 
-11.8224 2.00567e-18 4.58989e-17 -2.00652e-18 -1.46089e-13 -1.73517e-13 -1.36358e-19 -6.81537e-19 
-11.82 2.05402e-18 4.64645e-17 -2.05491e-18 -1.45402e-13 -1.73101e-13 -6.72376e-20 -6.26796e-19 
-11.8176 2.10281e-18 4.70287e-17 -2.10372e-18 -1.44718e-13 -1.72686e-13 3.33115e-21 -5.70782e-19 
-11.8152 2.15201e-18 4.75915e-17 -2.15294e-18 -1.44037e-13 -1.72272e-13 7.53336e-20 -5.13509e-19 
-11.8128 2.20162e-18 4.8153e-17 -2.20258e-18 -1.43359e-13 -1.71859e-13 1.48755e-19 -4.54991e-19 
-11.8104 2.25164e-18 4.87131e-17 -2.25263e-18 -1.42685e-13 -1.71447e-13 2.23581e-19 -3.95243e-19 
-11.808 2.30207e-18 4.92719e-17 -2.30308e-18 -1.42013e-13 -1.71036e-13 2.99796e-19 -3.34279e-19 
-11.8056 2.35289e-18 4.98293e-17 -2.35393e-18 -1.41345e-13 -1.70626e-13 3.77386e-19 -2.72113e-19 
-11.8032 2.40411e-18 5.03853e-17 -2.40517e-18 -1.4068e-13 -1.70217e-13 4.56337e-19 -2.08758e-19 
-11.8008 2.45572e-18 5.094e-17 -2.45681e-18 -1.40019e-13 -1.69809e-13 5.36635e-19 -1.4423e-19 
-11.7984 2.50771e-18 5.14934e-17 -2.50883e-18 -1.3936e-13 -1.69402e-13 6.18265e-19 -7.85401e-20 
-11.796 2.56009e-18 5.20454e-17 -2.56123e-18 -1.38705e-13 -1.68996e-13 7.01213e-19 -1.17035e-20 
-11.7936 2.61284e-18 5.2596e-17 -2.61401e-18 -1.38053e-13 -1.6859e-13 7.85466e-19 5.62666e-20 
-11.7912 2.66596e-18 5.31454e-17 -2.66716e-18 -1.37403e-13 -1.68186e-13 8.71009e-19 1.25357e-19 
-11.7888 2.71945e-18 5.36934e-17 -2.72068e-18 -1.36757e-13 -1.67783e-13 9.5783e-19 1.95554e-19 
-11.7864 2.7733e-18 5.424e-17 -2.77456e-18 -1.36114e-13 -1.67381e-13 1.04591e-18 2.66846e-19 
-11.784 2.82751e-18 5.47854e-17 -2.8288e-18 -1.35474e-13 -1.66979e-13 1.13525e-18 3.39218e-19 
-11.7816 2.88207e-18 5.53294e-17 -2.88339e-18 -1.34837e-13 -1.66579e-13 1.22582e-18 4.12658e-19 
-11.7792 2.93699e-18 5.58721e-17 -2.93834e-18 -1.34204e-13 -1.6618e-13 1.31761e-18 4.87152e-19 
-11.7768 2.99225e-18 5.64135e-17 -2.99363e-18 -1.33573e-13 -1.65781e-13 1.41061e-18 5.62689e-19 
-11.7744 3.04785e-18 5.69535e-17 -3.04926e-18 -1.32945e-13 -1.65384e-13 1.50481e-18 6.39256e-19 
-11.772 3.10379e-18 5.74923e-17 -3.10523e-18 -1.3232e-13 -1.64987e-13 1.6002e-18 7.1684e-19 
-11.7696 3.16006e-18 5.80297e-17 -3.16153e-18 -1.31698e-13 -1.64592e-13 1.69676e-18 7.95429e-19 
-11.7672 3.21666e-18 5.85659e-17 -3.21816e-18 -1.31079e-13 -1.64197e-13 1.79447e-18 8.7501e-19 
-11.7648 3.27359e-18 5.91007e-17 -3.27512e-18 -1.30463e-13 -1.63803e-13 1.89333e-18 9.55572e-19 
-11.7624 3.33083e-18 5.96342e-17 -3.3324e-18 -1.2985e-13 -1.63411e-13 1.99332e-18 1.0371e-18 
-11.76 3.3884e-18 6.01665e-17 -3.39e-18 -1.2924e-13 -1.63019e-13 2.09444e-18 1.11959e-18 
-11.7576 3.44627e-18 6.06974e-17 -3.44791e-18 -1.28633e-13 -1.62628e-13 2.19666e-18 1.20302e-18 
-11.7552 3.50446e-18 6.12271e-17 -3.50613e-18 -1.28028e-13 -1.62238e-13 2.29998e-18 1.28738e-18 
-11.7528 3.56295e-18 6.17555e-17 -3.56465e-18 -1.27427e-13 -1.61849e-13 2.40438e-18 1.37266e-18 
-11.7504 3.62174e-18 6.22826e-17 -3.62348e-18 -1.26828e-13 -1.61461e-13 2.50986e-18 1.45885e-18 
-11.7479 3.68083e-18 6.28084e-17 -3.6826e-18 -1.26232e-13 -1.61074e-13 2.6164e-18 1.54594e-18 
-11.7455 3.74021e-18 6.33329e-17 -3.74202e-18 -1.2564e-13 -1.60688e-13 2.72398e-18 1.63392e-18 
-11.7431 3.79988e-18 6.38562e-17 -3.80173e-18 -1.25049e-13 -1.60302e-13 2.8326e-18 1.72277e-18 
-11.7407 3.85984e-18 6.43782e-17 -3.86172e-18 -1.24462e-13 -1.59918e-13 2.94225e-18 1.81248e-18 
-11.7383 3.92008e-18 6.48989e-17 -3.922e-18 -1.23878e-13 -1.59535e-13 3.05291e-18 1.90305e-18 
-11.7359 3.9806e-18 6.54183e-17 -3.98255e-18 -1.23296e-13 -1.59152e-13 3.16457e-18 1.99445e-18 
-11.7335 4.04139e-18 6.59365e-17 -4.04339e-18 -1.22717e-13 -1.58771e-13 3.27722e-18 2.08669e-18 
-11.7311 4.10246e-18 6.64535e-17 -4.10449e-18 -1.22141e-13 -1.5839e-13 3.39085e-18 2.17975e-18 
-11.7287 4.16379e-18 6.69691e-17 -4.16586e-18 -1.21567e-13 -1.5801e-13 3.50545e-18 2.27361e-18 
-11.7263 4.22539e-18 6.74835e-17 -4.22749e-18 -1.20997e-13 -1.57631e-13 3.62101e-18 2.36828e-18 
-11.7239 4.28725e-18 6.79967e-17 -4.28939e-18 -1.20428e-13 -1.57253e-13 3.73751e-18 2.46373e-18 
-11.7215 4.34936e-18 6.85086e-17 -4.35154e-18 -1.19863e-13 -1.56876e-13 3.85495e-18 2.55996e-18 
-11.7191 4.41173e-18 6.90193e-17 -4.41395e-18 -1.19301e-13 -1.565e-13 3.97331e-18 2.65695e-18 
-11.7167 4.47435e-18 6.95288e-17 -4.47661e-18 -1.18741e-13 -1.56125e-13 4.09259e-18 2.7547e-18 
-11.7143 4.53721e-18 7.0037e-17 -4.53952e-18 -1.18183e-13 -1.55751e-13 4.21277e-18 2.8532e-18 
-11.7119 4.60032e-18 7.05439e-17 -4.60266e-18 -1.17629e-13 -1.55377e-13 4.33384e-18 2.95243e-18 
-11.7095 4.66367e-18 7.10496e-17 -4.66605e-18 -1.17077e-13 -1.55005e-13 4.45579e-18 3.05238e-18 
-11.7071 4.72725e-18 7.15541e-17 -4.72968e-18 -1.16527e-13 -1.54633e-13 4.57861e-18 3.15306e-18 
-11.7047 4.79107e-18 7.20574e-17 -4.79354e-18 -1.15981e-13 -1.54262e-13 4.7023e-18 3.25444e-18 
-11.7023 4.85512e-18 7.25595e-17 -4.85763e-18 -1.15436e-13 -1.53892e-13 4.82683e-18 3.35651e-18 
-11.6999 4.91939e-18 7.30603e-17 -4.92195e-18 -1.14895e-13 -1.53523e-13 4.95221e-18 3.45927e-18 
-11.6975 4.98389e-18 7.35599e-17 -4.98649e-18 -1.14356e-13 -1.53155e-13 5.07842e-18 3.56271e-18 
-11.6951 5.04861e-18 7.40583e-17 -5.05125e-18 -1.13819e-13 -1.52788e-13 5.20544e-18 3.66681e-18 
-11.6927 5.11355e-18 7.45555e-17 -5.11623e-18 -1.13285e-13 -1.52422e-13 5.33328e-18 3.77157e-18 
-11.6903 5.1787e-18 7.50514e-17 -5.18143e-18 -1.12754e-13 -1.52056e-13 5.46192e-18 3.87698e-18 
-11.6879 5.24406e-18 7.55462e-17 -5.24683e-18 -1.12225e-13 -1.51692e-13 5.59135e-18 3.98303e-18 
-11.6855 5.30963e-18 7.60398e-17 -5.31244e-18 -1.11699e-13 -1.51328e-13 5.72156e-18 4.0897e-18 
-11.6831 5.3754e-18 7.65321e-17 -5.37826e-18 -1.11175e-13 -1.50965e-13 5.85254e-18 4.197e-18 
-11.6807 5.44137e-18 7.70233e-17 -5.44428e-18 -1.10654e-13 -1.50603e-13 5.98429e-18 4.30491e-18 
-11.6783 5.50755e-18 7.75132e-17 -5.5105e-18 -1.10135e-13 -1.50242e-13 6.11679e-18 4.41341e-18 
-11.6759 5.57392e-18 7.8002e-17 -5.57692e-18 -1.09619e-13 -1.49882e-13 6.25003e-18 4.52252e-18 
-11.6735 5.64048e-18 7.84896e-17 -5.64353e-18 -1.09105e-13 -1.49523e-13 6.38401e-18 4.6322e-18 
-11.6711 5.70723e-18 7.8976e-17 -5.71033e-18 -1.08593e-13 -1.49164e-13 6.51871e-18 4.74246e-18 
-11.6687 5.77417e-18 7.94612e-17 -5.77732e-18 -1.08084e-13 -1.48807e-13 6.65413e-18 4.85329e-18 
-11.6663 5.84129e-18 7.99452e-17 -5.84449e-18 -1.07578e-13 -1.4845e-13 6.79025e-18 4.96468e-18 
-11.6639 5.90859e-18 8.04281e-17 -5.91184e-18 -1.07074e-13 -1.48094e-13 6.92707e-18 5.07661e-18 
-11.6615 5.97608e-18 8.09098e-17 -5.97937e-18 -1.06572e-13 -1.47739e-13 7.06459e-18 5.18909e-18 
-11.6591 6.04373e-18 8.13903e-17 -6.04708e-18 -1.06072e-13 -1.47385e-13 7.20278e-18 5.30209e-18 
-11.6567 6.11156e-18 8.18696e-17 -6.11496e-18 -1.05575e-13 -1.47031e-13 7.34164e-18 5.41563e-18 
-11.6543 6.17956e-18 8.23477e-17 -6.18301e-18 -1.05081e-13 -1.46679e-13 7.48117e-18 5.52967e-18 
-11.6519 6.24773e-18 8.28247e-17 -6.25122e-18 -1.04588e-13 -1.46327e-13 7.62135e-18 5.64423e-18 
-11.6495 6.31606e-18 8.33006e-17 -6.31961e-18 -1.04098e-13 -1.45976e-13 7.76218e-18 5.75928e-18 
-11.6471 6.38456e-18 8.37753e-17 -6.38815e-18 -1.03611e-13 -1.45626e-13 7.90364e-18 5.87483e-18 
-11.6447 6.45321e-18 8.42488e-17 -6.45686e-18 -1.03125e-13 -1.45277e-13 8.04573e-18 5.99086e-18 
-11.6423 6.52202e-18 8.47211e-17 -6.52572e-18 -1.02642e-13 -1.44929e-13 8.18844e-18 6.10736e-18 
-11.6399 6.59098e-18 8.51924e-17 -6.59473e-18 -1.02162e-13 -1.44581e-13 8.33177e-18 6.22433e-18 
-11.6375 6.66009e-18 8.56624e-17 -6.6639e-18 -1.01683e-13 -1.44235e-13 8.4757e-18 6.34176e-18 
-11.6351 6.72935e-18 8.61313e-17 -6.73321e-18 -1.01207e-13 -1.43889e-13 8.62022e-18 6.45964e-18 
-11.6327 6.79876e-18 8.65991e-17 -6.80268e-18 -1.00733e-13 -1.43544e-13 8.76534e-18 6.57797e-18 
-11.6303 6.86831e-18 8.70658e-17 -6.87228e-18 -1.00261e-13 -1.432e-13 8.91103e-18 6.69673e-18 
-11.6279 6.938e-18 8.75313e-17 -6.94203e-18 -9.9792e-14 -1.42856e-13 9.0573e-18 6.81592e-18 
-11.6255 7.00783e-18 8.79956e-17 -7.01191e-18 -9.93249e-14 -1.42514e-13 9.20413e-18 6.93554e-18 
-11.6231 7.0778e-18 8.84588e-17 -7.08194e-18 -9.88599e-14 -1.42172e-13 9.35151e-18 7.05556e-18 
-11.6207 7.1479e-18 8.89209e-17 -7.15209e-18 -9.83972e-14 -1.41831e-13 9.49944e-18 7.176e-18 
-11.6183 7.21813e-18 8.93819e-17 -7.22238e-18 -9.79366e-14 -1.41491e-13 9.64792e-18 7.29683e-18 
-11.6159 7.28849e-18 8.98418e-17 -7.2928e-18 -9.74783e-14 -1.41152e-13 9.79693e-18 7.41805e-18 
-11.6135 7.35898e-18 9.03005e-17 -7.36334e-18 -9.70221e-14 -1.40813e-13 9.94646e-18 7.53967e-18 
-11.6111 7.42959e-18 9.07581e-17 -7.43401e-18 -9.65681e-14 -1.40476e-13 1.00965e-17 7.66165e-18 
-11.6087 7.50032e-18 9.12146e-17 -7.5048e-18 -9.61162e-14 -1.40139e-13 1.02471e-17 7.78401e-18 
-11.6063 7.57117e-18 9.167e-17 -7.57571e-18 -9.56665e-14 -1.39803e-13 1.03981e-17 7.90674e-18 
-11.6039 7.64214e-18 9.21243e-17 -7.64673e-18 -9.5219e-14 -1.39468e-13 1.05497e-17 8.02982e-18 
-11.6015 7.71322e-18 9.25774e-17 -7.71788e-18 -9.47735e-14 -1.39133e-13 1.07018e-17 8.15325e-18 
-11.5991 7.78441e-18 9.30295e-17 -7.78913e-18 -9.43302e-14 -1.388e-13 1.08543e-17 8.27702e-18 
-11.5967 7.85572e-18 9.34804e-17 -7.8605e-18 -9.3889e-14 -1.38467e-13 1.10073e-17 8.40113e-18 
-11.5943 7.92713e-18 9.39303e-17 -7.93197e-18 -9.34499e-14 -1.38135e-13 1.11608e-17 8.52557e-18 
-11.5919 7.99865e-18 9.4379e-17 -8.00355e-18 -9.30128e-14 -1.37804e-13 1.13147e-17 8.65033e-18 
-11.5895 8.07027e-18 9.48267e-17 -8.07523e-18 -9.25779e-14 -1.37474e-13 1.14691e-17 8.77541e-18 
-11.5871 8.14199e-18 9.52732e-17 -8.14702e-18 -9.2145e-14 -1.37144e-13 1.1624e-17 8.9008e-18 
-11.5847 8.21381e-18 9.57187e-17 -8.2189e-18 -9.17142e-14 -1.36815e-13 1.17792e-17 9.0265e-18 
-11.5823 8.28573e-18 9.61631e-17 -8.29088e-18 -9.12854e-14 -1.36487e-13 1.1935e-17 9.15249e-18 
-11.5799 8.35775e-18 9.66064e-17 -8.36296e-18 -9.08587e-14 -1.3616e-13 1.20911e-17 9.27877e-18 
-11.5775 8.42985e-18 9.70486e-17 -8.43513e-18 -9.04339e-14 -1.35833e-13 1.22477e-17 9.40534e-18 
-11.5751 8.50205e-18 9.74897e-17 -8.50739e-18 -9.00112e-14 -1.35508e-13 1.24046e-17 9.53218e-18 
-11.5727 8.57434e-18 9.79298e-17 -8.57974e-18 -8.95906e-14 -1.35183e-13 1.2562e-17 9.6593e-18 
-11.5703 8.64671e-18 9.83688e-17 -8.65218e-18 -8.91719e-14 -1.34859e-13 1.27198e-17 9.78669e-18 
-11.5679 8.71917e-18 9.88067e-17 -8.7247e-18 -8.87552e-14 -1.34535e-13 1.2878e-17 9.91433e-18 
-11.5655 8.79171e-18 9.92435e-17 -8.79731e-18 -8.83404e-14 -1.34213e-13 1.30365e-17 1.00422e-17 
-11.5631 8.86433e-18 9.96793e-17 -8.87e-18 -8.79277e-14 -1.33891e-13 1.31955e-17 1.01704e-17 
-11.5607 8.93702e-18 1.00114e-16 -8.94276e-18 -8.75169e-14 -1.3357e-13 1.33548e-17 1.02988e-17 
-11.5583 9.0098e-18 1.00548e-16 -9.01561e-18 -8.71081e-14 -1.3325e-13 1.35145e-17 1.04274e-17 
-11.5559 9.08265e-18 1.0098e-16 -9.08852e-18 -8.67012e-14 -1.3293e-13 1.36745e-17 1.05563e-17 
-11.5535 9.15557e-18 1.01412e-16 -9.16152e-18 -8.62962e-14 -1.32612e-13 1.3835e-17 1.06853e-17 
-11.5511 9.22857e-18 1.01842e-16 -9.23458e-18 -8.58932e-14 -1.32294e-13 1.39957e-17 1.08146e-17 
-11.5487 9.30163e-18 1.02272e-16 -9.30771e-18 -8.54921e-14 -1.31976e-13 1.41568e-17 1.09442e-17 
-11.5463 9.37476e-18 1.027e-16 -9.38091e-18 -8.50929e-14 -1.3166e-13 1.43183e-17 1.10739e-17 
-11.5439 9.44796e-18 1.03127e-16 -9.45418e-18 -8.46955e-14 -1.31344e-13 1.44801e-17 1.12038e-17 
-11.5415 9.52121e-18 1.03554e-16 -9.52751e-18 -8.43001e-14 -1.31029e-13 1.46422e-17 1.13339e-17 
-11.5391 9.59454e-18 1.03979e-16 -9.6009e-18 -8.39066e-14 -1.30715e-13 1.48046e-17 1.14642e-17 
-11.5367 9.66792e-18 1.04403e-16 -9.67435e-18 -8.35149e-14 -1.30402e-13 1.49673e-17 1.15947e-17 
-11.5343 9.74135e-18 1.04826e-16 -9.74786e-18 -8.31251e-14 -1.30089e-13 1.51304e-17 1.17254e-17 
-11.5319 9.81485e-18 1.05248e-16 -9.82143e-18 -8.27371e-14 -1.29777e-13 1.52937e-17 1.18563e-17 
-11.5295 9.8884e-18 1.05669e-16 -9.89505e-18 -8.2351e-14 -1.29466e-13 1.54574e-17 1.19873e-17 
-11.5271 9.962e-18 1.0609e-16 -9.96873e-18 -8.19667e-14 -1.29156e-13 1.56214e-17 1.21185e-17 
-11.5247 1.00357e-17 1.06509e-16 -1.00425e-17 -8.15842e-14 -1.28846e-13 1.57856e-17 1.22499e-17 
-11.5223 1.01094e-17 1.06927e-16 -1.01162e-17 -8.12036e-14 -1.28537e-13 1.59501e-17 1.23814e-17 
-11.5199 1.01831e-17 1.07344e-16 -1.01901e-17 -8.08247e-14 -1.28229e-13 1.61149e-17 1.2513e-17 
-11.5175 1.02569e-17 1.0776e-16 -1.02639e-17 -8.04477e-14 -1.27922e-13 1.628e-17 1.26448e-17 
-11.5151 1.03307e-17 1.08174e-16 -1.03378e-17 -8.00724e-14 -1.27615e-13 1.64453e-17 1.27768e-17 
-11.5127 1.04046e-17 1.08588e-16 -1.04118e-17 -7.9699e-14 -1.27309e-13 1.66109e-17 1.29089e-17 
-11.5103 1.04786e-17 1.09001e-16 -1.04858e-17 -7.93273e-14 -1.27004e-13 1.67768e-17 1.30411e-17 
-11.5079 1.05525e-17 1.09413e-16 -1.05599e-17 -7.89573e-14 -1.26699e-13 1.69429e-17 1.31734e-17 
-11.5055 1.06265e-17 1.09824e-16 -1.06339e-17 -7.85892e-14 -1.26395e-13 1.71092e-17 1.33059e-17 
-11.5031 1.07006e-17 1.10234e-16 -1.0708e-17 -7.82227e-14 -1.26092e-13 1.72758e-17 1.34384e-17 
-11.5007 1.07746e-17 1.10643e-16 -1.07822e-17 -7.78581e-14 -1.2579e-13 1.74427e-17 1.35711e-17 
-11.4983 1.08487e-17 1.11051e-16 -1.08564e-17 -7.74951e-14 -1.25488e-13 1.76097e-17 1.37039e-17 
-11.4959 1.09229e-17 1.11458e-16 -1.09306e-17 -7.71339e-14 -1.25187e-13 1.7777e-17 1.38368e-17 
-11.4935 1.0997e-17 1.11864e-16 -1.10049e-17 -7.67744e-14 -1.24887e-13 1.79445e-17 1.39698e-17 
-11.4911 1.10712e-17 1.12268e-16 -1.10791e-17 -7.64166e-14 -1.24588e-13 1.81122e-17 1.41029e-17 
-11.4887 1.11455e-17 1.12672e-16 -1.11534e-17 -7.60605e-14 -1.24289e-13 1.82802e-17 1.4236e-17 
-11.4863 1.12197e-17 1.13075e-16 -1.12278e-17 -7.5706e-14 -1.23991e-13 1.84483e-17 1.43693e-17 
-11.4839 1.1294e-17 1.13477e-16 -1.13021e-17 -7.53533e-14 -1.23694e-13 1.86166e-17 1.45026e-17 
-11.4815 1.13683e-17 1.13878e-16 -1.13765e-17 -7.50023e-14 -1.23397e-13 1.87852e-17 1.4636e-17 
-11.4791 1.14426e-17 1.14278e-16 -1.14509e-17 -7.46529e-14 -1.23101e-13 1.89539e-17 1.47695e-17 
-11.4767 1.15169e-17 1.14677e-16 -1.15253e-17 -7.43051e-14 -1.22806e-13 1.91228e-17 1.49031e-17 
-11.4743 1.15913e-17 1.15075e-16 -1.15998e-17 -7.39591e-14 -1.22512e-13 1.92919e-17 1.50367e-17 
-11.4719 1.16657e-17 1.15472e-16 -1.16742e-17 -7.36146e-14 -1.22218e-13 1.94612e-17 1.51704e-17 
-11.4695 1.17401e-17 1.15868e-16 -1.17487e-17 -7.32718e-14 -1.21925e-13 1.96307e-17 1.53041e-17 
-11.4671 1.18145e-17 1.16263e-16 -1.18232e-17 -7.29307e-14 -1.21633e-13 1.98003e-17 1.54379e-17 
-11.4647 1.18889e-17 1.16657e-16 -1.18977e-17 -7.25911e-14 -1.21341e-13 1.99701e-17 1.55717e-17 
-11.4623 1.19633e-17 1.1705e-16 -1.19722e-17 -7.22532e-14 -1.2105e-13 2.014e-17 1.57055e-17 
-11.4599 1.20378e-17 1.17442e-16 -1.20467e-17 -7.19168e-14 -1.2076e-13 2.03101e-17 1.58394e-17 
-11.4575 1.21122e-17 1.17834e-16 -1.21213e-17 -7.15821e-14 -1.2047e-13 2.04804e-17 1.59734e-17 
-11.4551 1.21867e-17 1.18224e-16 -1.21958e-17 -7.12489e-14 -1.20182e-13 2.06508e-17 1.61073e-17 
-11.4527 1.22611e-17 1.18613e-16 -1.22704e-17 -7.09174e-14 -1.19894e-13 2.08214e-17 1.62413e-17 
-11.4503 1.23356e-17 1.19002e-16 -1.23449e-17 -7.05874e-14 -1.19606e-13 2.09921e-17 1.63753e-17 
-11.4479 1.24101e-17 1.19389e-16 -1.24195e-17 -7.02589e-14 -1.19319e-13 2.11629e-17 1.65094e-17 
-11.4455 1.24845e-17 1.19775e-16 -1.2494e-17 -6.99321e-14 -1.19033e-13 2.13339e-17 1.66434e-17 
-11.4431 1.2559e-17 1.20161e-16 -1.25686e-17 -6.96068e-14 -1.18748e-13 2.1505e-17 1.67775e-17 
-11.4407 1.26335e-17 1.20545e-16 -1.26432e-17 -6.9283e-14 -1.18463e-13 2.16762e-17 1.69115e-17 
-11.4383 1.27079e-17 1.20929e-16 -1.27177e-17 -6.89607e-14 -1.18179e-13 2.18475e-17 1.70456e-17 
-11.4359 1.27824e-17 1.21312e-16 -1.27923e-17 -6.864e-14 -1.17896e-13 2.2019e-17 1.71796e-17 
-11.4335 1.28569e-17 1.21693e-16 -1.28668e-17 -6.83209e-14 -1.17613e-13 2.21905e-17 1.73137e-17 
-11.4311 1.29313e-17 1.22074e-16 -1.29414e-17 -6.80032e-14 -1.17331e-13 2.23622e-17 1.74478e-17 
-11.4287 1.30058e-17 1.22454e-16 -1.3016e-17 -6.7687e-14 -1.1705e-13 2.2534e-17 1.75818e-17 
-11.4263 1.30802e-17 1.22833e-16 -1.30905e-17 -6.73724e-14 -1.16769e-13 2.27058e-17 1.77158e-17 
-11.4239 1.31547e-17 1.23211e-16 -1.3165e-17 -6.70592e-14 -1.16489e-13 2.28778e-17 1.78499e-17 
-11.4215 1.32291e-17 1.23588e-16 -1.32396e-17 -6.67475e-14 -1.1621e-13 2.30499e-17 1.79839e-17 
-11.4191 1.33035e-17 1.23964e-16 -1.33141e-17 -6.64373e-14 -1.15931e-13 2.3222e-17 1.81178e-17 
-11.4167 1.33779e-17 1.24339e-16 -1.33886e-17 -6.61286e-14 -1.15653e-13 2.33943e-17 1.82518e-17 
-11.4143 1.34523e-17 1.24713e-16 -1.34631e-17 -6.58213e-14 -1.15376e-13 2.35666e-17 1.83857e-17 
-11.4119 1.35267e-17 1.25087e-16 -1.35375e-17 -6.55155e-14 -1.15099e-13 2.3739e-17 1.85196e-17 
-11.4095 1.36011e-17 1.25459e-16 -1.3612e-17 -6.52112e-14 -1.14823e-13 2.39115e-17 1.86534e-17 
-11.4071 1.36754e-17 1.25831e-16 -1.36865e-17 -6.49083e-14 -1.14548e-13 2.4084e-17 1.87872e-17 
-11.4047 1.37498e-17 1.26201e-16 -1.37609e-17 -6.46068e-14 -1.14273e-13 2.42566e-17 1.89209e-17 
-11.4023 1.38241e-17 1.26571e-16 -1.38353e-17 -6.43067e-14 -1.13999e-13 2.44293e-17 1.90546e-17 
-11.3999 1.38984e-17 1.2694e-16 -1.39097e-17 -6.40081e-14 -1.13726e-13 2.4602e-17 1.91883e-17 
-11.3975 1.39727e-17 1.27307e-16 -1.39841e-17 -6.37109e-14 -1.13453e-13 2.47748e-17 1.93219e-17 
-11.3951 1.40469e-17 1.27674e-16 -1.40584e-17 -6.34151e-14 -1.13181e-13 2.49477e-17 1.94555e-17 
-11.3927 1.41211e-17 1.2804e-16 -1.41328e-17 -6.31207e-14 -1.1291e-13 2.51206e-17 1.95889e-17 
-11.3903 1.41954e-17 1.28406e-16 -1.42071e-17 -6.28277e-14 -1.12639e-13 2.52935e-17 1.97224e-17 
-11.3879 1.42695e-17 1.2877e-16 -1.42814e-17 -6.25361e-14 -1.12369e-13 2.54665e-17 1.98557e-17 
-11.3855 1.43437e-17 1.29133e-16 -1.43556e-17 -6.22459e-14 -1.121e-13 2.56396e-17 1.9989e-17 
-11.3831 1.44178e-17 1.29496e-16 -1.44299e-17 -6.19571e-14 -1.11831e-13 2.58126e-17 2.01222e-17 
-11.3807 1.44919e-17 1.29857e-16 -1.45041e-17 -6.16696e-14 -1.11563e-13 2.59858e-17 2.02554e-17 
-11.3783 1.4566e-17 1.30218e-16 -1.45782e-17 -6.13835e-14 -1.11296e-13 2.61589e-17 2.03885e-17 
-11.3759 1.46401e-17 1.30578e-16 -1.46524e-17 -6.10988e-14 -1.11029e-13 2.63321e-17 2.05214e-17 
-11.3735 1.47141e-17 1.30937e-16 -1.47265e-17 -6.08154e-14 -1.10762e-13 2.65053e-17 2.06544e-17 
-11.3711 1.47881e-17 1.31295e-16 -1.48006e-17 -6.05333e-14 -1.10497e-13 2.66785e-17 2.07872e-17 
-11.3687 1.4862e-17 1.31652e-16 -1.48747e-17 -6.02526e-14 -1.10232e-13 2.68517e-17 2.09199e-17 
-11.3663 1.49359e-17 1.32008e-16 -1.49487e-17 -5.99732e-14 -1.09968e-13 2.7025e-17 2.10526e-17 
-11.3639 1.50098e-17 1.32363e-16 -1.50227e-17 -5.96952e-14 -1.09704e-13 2.71982e-17 2.11851e-17 
-11.3615 1.50837e-17 1.32718e-16 -1.50967e-17 -5.94184e-14 -1.09441e-13 2.73715e-17 2.13176e-17 
-11.3591 1.51575e-17 1.33071e-16 -1.51706e-17 -5.9143e-14 -1.09179e-13 2.75448e-17 2.14499e-17 
-11.3567 1.52313e-17 1.33424e-16 -1.52445e-17 -5.88689e-14 -1.08917e-13 2.77181e-17 2.15822e-17 
-11.3543 1.5305e-17 1.33776e-16 -1.53183e-17 -5.8596e-14 -1.08656e-13 2.78914e-17 2.17143e-17 
-11.3519 1.53787e-17 1.34127e-16 -1.53922e-17 -5.83245e-14 -1.08395e-13 2.80647e-17 2.18464e-17 
-11.3495 1.54524e-17 1.34477e-16 -1.54659e-17 -5.80543e-14 -1.08135e-13 2.82379e-17 2.19783e-17 
-11.3471 1.5526e-17 1.34827e-16 -1.55397e-17 -5.77853e-14 -1.07876e-13 2.84112e-17 2.21101e-17 
-11.3447 1.55996e-17 1.35175e-16 -1.56134e-17 -5.75176e-14 -1.07617e-13 2.85845e-17 2.22418e-17 
-11.3423 1.56732e-17 1.35522e-16 -1.5687e-17 -5.72512e-14 -1.07359e-13 2.87577e-17 2.23734e-17 
-11.3399 1.57467e-17 1.35869e-16 -1.57606e-17 -5.69861e-14 -1.07102e-13 2.8931e-17 2.25049e-17 
-11.3375 1.58201e-17 1.36215e-16 -1.58342e-17 -5.67222e-14 -1.06845e-13 2.91042e-17 2.26363e-17 
-11.3351 1.58935e-17 1.3656e-16 -1.59077e-17 -5.64596e-14 -1.06589e-13 2.92774e-17 2.27675e-17 
-11.3327 1.59669e-17 1.36904e-16 -1.59812e-17 -5.61982e-14 -1.06333e-13 2.94506e-17 2.28986e-17 
-11.3303 1.60402e-17 1.37247e-16 -1.60547e-17 -5.5938e-14 -1.06079e-13 2.96238e-17 2.30296e-17 
-11.3279 1.61135e-17 1.3759e-16 -1.61281e-17 -5.56791e-14 -1.05824e-13 2.97969e-17 2.31604e-17 
-11.3255 1.61868e-17 1.37931e-16 -1.62014e-17 -5.54214e-14 -1.0557e-13 2.997e-17 2.32911e-17 
-11.3231 1.62599e-17 1.38272e-16 -1.62747e-17 -5.51649e-14 -1.05317e-13 3.01431e-17 2.34217e-17 
-11.3207 1.63331e-17 1.38612e-16 -1.6348e-17 -5.49097e-14 -1.05065e-13 3.03161e-17 2.35522e-17 
-11.3183 1.64062e-17 1.38951e-16 -1.64212e-17 -5.46556e-14 -1.04813e-13 3.04891e-17 2.36825e-17 
-11.3159 1.64792e-17 1.39289e-16 -1.64943e-17 -5.44028e-14 -1.04562e-13 3.0662e-17 2.38126e-17 
-11.3135 1.65522e-17 1.39627e-16 -1.65675e-17 -5.41511e-14 -1.04311e-13 3.08349e-17 2.39427e-17 
-11.3111 1.66251e-17 1.39963e-16 -1.66405e-17 -5.39007e-14 -1.04061e-13 3.10078e-17 2.40725e-17 
-11.3087 1.6698e-17 1.40299e-16 -1.67135e-17 -5.36514e-14 -1.03811e-13 3.11806e-17 2.42023e-17 
-11.3063 1.67708e-17 1.40634e-16 -1.67865e-17 -5.34033e-14 -1.03562e-13 3.13534e-17 2.43318e-17 
-11.3039 1.68436e-17 1.40968e-16 -1.68594e-17 -5.31564e-14 -1.03314e-13 3.15261e-17 2.44613e-17 
-11.3015 1.69163e-17 1.41301e-16 -1.69322e-17 -5.29107e-14 -1.03066e-13 3.16988e-17 2.45905e-17 
-11.2991 1.6989e-17 1.41634e-16 -1.7005e-17 -5.26661e-14 -1.02819e-13 3.18714e-17 2.47196e-17 
-11.2967 1.70616e-17 1.41965e-16 -1.70777e-17 -5.24227e-14 -1.02573e-13 3.20439e-17 2.48486e-17 
-11.2943 1.71342e-17 1.42296e-16 -1.71504e-17 -5.21805e-14 -1.02327e-13 3.22164e-17 2.49774e-17 
-11.2919 1.72067e-17 1.42626e-16 -1.72231e-17 -5.19394e-14 -1.02082e-13 3.23888e-17 2.5106e-17 
-11.2895 1.72791e-17 1.42955e-16 -1.72956e-17 -5.16994e-14 -1.01837e-13 3.25612e-17 2.52345e-17 
-11.2871 1.73515e-17 1.43283e-16 -1.73681e-17 -5.14606e-14 -1.01593e-13 3.27335e-17 2.53628e-17 
-11.2847 1.74239e-17 1.43611e-16 -1.74406e-17 -5.12229e-14 -1.01349e-13 3.29057e-17 2.5491e-17 
-11.2823 1.74961e-17 1.43937e-16 -1.7513e-17 -5.09863e-14 -1.01106e-13 3.30778e-17 2.56189e-17 
-11.2799 1.75683e-17 1.44263e-16 -1.75853e-17 -5.07509e-14 -1.00864e-13 3.32499e-17 2.57467e-17 
-11.2775 1.76405e-17 1.44588e-16 -1.76576e-17 -5.05165e-14 -1.00622e-13 3.34219e-17 2.58744e-17 
-11.2751 1.77126e-17 1.44913e-16 -1.77298e-17 -5.02833e-14 -1.00381e-13 3.35938e-17 2.60018e-17 
-11.2727 1.77846e-17 1.45236e-16 -1.7802e-17 -5.00512e-14 -1.0014e-13 3.37657e-17 2.61291e-17 
-11.2703 1.78566e-17 1.45559e-16 -1.78741e-17 -4.98202e-14 -9.98998e-14 3.39374e-17 2.62562e-17 
-11.2679 1.79285e-17 1.45881e-16 -1.79461e-17 -4.95903e-14 -9.96603e-14 3.41091e-17 2.63831e-17 
-11.2655 1.80003e-17 1.46202e-16 -1.80181e-17 -4.93614e-14 -9.94213e-14 3.42807e-17 2.65099e-17 
-11.2631 1.80721e-17 1.46522e-16 -1.809e-17 -4.91337e-14 -9.91829e-14 3.44522e-17 2.66364e-17 
-11.2607 1.81438e-17 1.46841e-16 -1.81618e-17 -4.8907e-14 -9.89451e-14 3.46236e-17 2.67628e-17 
-11.2583 1.82154e-17 1.4716e-16 -1.82336e-17 -4.86814e-14 -9.87079e-14 3.47949e-17 2.6889e-17 
-11.2559 1.8287e-17 1.47478e-16 -1.83053e-17 -4.84569e-14 -9.84712e-14 3.49661e-17 2.7015e-17 
-11.2535 1.83585e-17 1.47795e-16 -1.8377e-17 -4.82335e-14 -9.82351e-14 3.51373e-17 2.71408e-17 
-11.2511 1.843e-17 1.48111e-16 -1.84485e-17 -4.80111e-14 -9.79996e-14 3.53083e-17 2.72664e-17 
-11.2486 1.85013e-17 1.48427e-16 -1.852e-17 -4.77897e-14 -9.77647e-14 3.54792e-17 2.73918e-17 
-11.2462 1.85727e-17 1.48742e-16 -1.85915e-17 -4.75694e-14 -9.75303e-14 3.56501e-17 2.7517e-17 
-11.2438 1.86439e-17 1.49056e-16 -1.86629e-17 -4.73502e-14 -9.72964e-14 3.58208e-17 2.76421e-17 
-11.2414 1.87151e-17 1.49369e-16 -1.87342e-17 -4.71319e-14 -9.70631e-14 3.59914e-17 2.77669e-17 
-11.239 1.87862e-17 1.49681e-16 -1.88054e-17 -4.69148e-14 -9.68304e-14 3.61619e-17 2.78915e-17 
-11.2366 1.88572e-17 1.49993e-16 -1.88766e-17 -4.66986e-14 -9.65983e-14 3.63323e-17 2.8016e-17 
-11.2342 1.89282e-17 1.50304e-16 -1.89477e-17 -4.64835e-14 -9.63667e-14 3.65026e-17 2.81402e-17 
-11.2318 1.89991e-17 1.50614e-16 -1.90187e-17 -4.62694e-14 -9.61356e-14 3.66728e-17 2.82643e-17 
-11.2294 1.90699e-17 1.50923e-16 -1.90897e-17 -4.60563e-14 -9.59051e-14 3.68429e-17 2.83881e-17 
-11.227 1.91407e-17 1.51231e-16 -1.91606e-17 -4.58442e-14 -9.56752e-14 3.70129e-17 2.85117e-17 
-11.2246 1.92113e-17 1.51539e-16 -1.92314e-17 -4.56331e-14 -9.54458e-14 3.71827e-17 2.86351e-17 
-11.2222 1.92819e-17 1.51846e-16 -1.93022e-17 -4.5423e-14 -9.52169e-14 3.73524e-17 2.87583e-17 
-11.2198 1.93525e-17 1.52152e-16 -1.93729e-17 -4.52139e-14 -9.49886e-14 3.7522e-17 2.88813e-17 
-11.2174 1.94229e-17 1.52458e-16 -1.94435e-17 -4.50058e-14 -9.47609e-14 3.76915e-17 2.90041e-17 
-11.215 1.94933e-17 1.52763e-16 -1.9514e-17 -4.47987e-14 -9.45337e-14 3.78609e-17 2.91267e-17 
-11.2126 1.95636e-17 1.53067e-16 -1.95844e-17 -4.45926e-14 -9.4307e-14 3.80301e-17 2.9249e-17 
-11.2102 1.96339e-17 1.5337e-16 -1.96548e-17 -4.43874e-14 -9.40809e-14 3.81992e-17 2.93712e-17 
-11.2078 1.97041e-17 1.53672e-16 -1.97251e-17 -4.41832e-14 -9.38554e-14 3.83682e-17 2.94931e-17 
-11.2054 1.97741e-17 1.53974e-16 -1.97954e-17 -4.398e-14 -9.36303e-14 3.85371e-17 2.96148e-17 
-11.203 1.98442e-17 1.54275e-16 -1.98655e-17 -4.37778e-14 -9.34058e-14 3.87058e-17 2.97363e-17 
-11.2006 1.99141e-17 1.54575e-16 -1.99356e-17 -4.35765e-14 -9.31819e-14 3.88744e-17 2.98576e-17 
-11.1982 1.99839e-17 1.54874e-16 -2.00056e-17 -4.33761e-14 -9.29585e-14 3.90428e-17 2.99787e-17 
-11.1958 2.00537e-17 1.55173e-16 -2.00756e-17 -4.31767e-14 -9.27356e-14 3.92112e-17 3.00995e-17 
-11.1934 2.01234e-17 1.55471e-16 -2.01454e-17 -4.29783e-14 -9.25133e-14 3.93794e-17 3.02201e-17 
-11.191 2.01931e-17 1.55768e-16 -2.02152e-17 -4.27808e-14 -9.22915e-14 3.95474e-17 3.03405e-17 
-11.1886 2.02626e-17 1.56065e-16 -2.02849e-17 -4.25842e-14 -9.20702e-14 3.97153e-17 3.04606e-17 
-11.1862 2.03321e-17 1.5636e-16 -2.03545e-17 -4.23886e-14 -9.18494e-14 3.98831e-17 3.05806e-17 
-11.1838 2.04015e-17 1.56655e-16 -2.0424e-17 -4.21939e-14 -9.16292e-14 4.00507e-17 3.07003e-17 
-11.1814 2.04708e-17 1.5695e-16 -2.04935e-17 -4.20001e-14 -9.14095e-14 4.02182e-17 3.08197e-17 
-11.179 2.054e-17 1.57243e-16 -2.05629e-17 -4.18072e-14 -9.11904e-14 4.03856e-17 3.0939e-17 
-11.1766 2.06092e-17 1.57536e-16 -2.06322e-17 -4.16152e-14 -9.09717e-14 4.05528e-17 3.1058e-17 
-11.1742 2.06782e-17 1.57828e-16 -2.07014e-17 -4.14242e-14 -9.07536e-14 4.07198e-17 3.11768e-17 
-11.1718 2.07472e-17 1.58119e-16 -2.07706e-17 -4.1234e-14 -9.0536e-14 4.08867e-17 3.12953e-17 
-11.1694 2.08161e-17 1.5841e-16 -2.08396e-17 -4.10448e-14 -9.03189e-14 4.10535e-17 3.14136e-17 
-11.167 2.0885e-17 1.587e-16 -2.09086e-17 -4.08564e-14 -9.01024e-14 4.12201e-17 3.15317e-17 
-11.1646 2.09537e-17 1.58989e-16 -2.09775e-17 -4.06689e-14 -8.98864e-14 4.13865e-17 3.16495e-17 
-11.1622 2.10224e-17 1.59277e-16 -2.10463e-17 -4.04824e-14 -8.96709e-14 4.15528e-17 3.17671e-17 
-11.1598 2.10909e-17 1.59565e-16 -2.11151e-17 -4.02967e-14 -8.94559e-14 4.1719e-17 3.18845e-17 
-11.1574 2.11594e-17 1.59852e-16 -2.11837e-17 -4.01118e-14 -8.92414e-14 4.1885e-17 3.20016e-17 
-11.155 2.12279e-17 1.60138e-16 -2.12523e-17 -3.99279e-14 -8.90274e-14 4.20508e-17 3.21185e-17 
-11.1526 2.12962e-17 1.60423e-16 -2.13208e-17 -3.97448e-14 -8.8814e-14 4.22165e-17 3.22351e-17 
-11.1502 2.13644e-17 1.60708e-16 -2.13892e-17 -3.95626e-14 -8.8601e-14 4.2382e-17 3.23516e-17 
-11.1478 2.14326e-17 1.60992e-16 -2.14575e-17 -3.93813e-14 -8.83886e-14 4.25474e-17 3.24677e-17 
-11.1454 2.15007e-17 1.61276e-16 -2.15258e-17 -3.92008e-14 -8.81767e-14 4.27126e-17 3.25836e-17 
-11.143 2.15687e-17 1.61558e-16 -2.15939e-17 -3.90212e-14 -8.79653e-14 4.28776e-17 3.26993e-17 
-11.1406 2.16366e-17 1.6184e-16 -2.1662e-17 -3.88424e-14 -8.77544e-14 4.30425e-17 3.28147e-17 
-11.1382 2.17044e-17 1.62122e-16 -2.173e-17 -3.86645e-14 -8.7544e-14 4.32072e-17 3.29299e-17 
-11.1358 2.17721e-17 1.62402e-16 -2.17979e-17 -3.84874e-14 -8.73341e-14 4.33717e-17 3.30448e-17 
-11.1334 2.18398e-17 1.62682e-16 -2.18657e-17 -3.83111e-14 -8.71247e-14 4.35361e-17 3.31595e-17 
-11.131 2.19074e-17 1.62961e-16 -2.19334e-17 -3.81357e-14 -8.69158e-14 4.37003e-17 3.3274e-17 
-11.1286 2.19748e-17 1.6324e-16 -2.20011e-17 -3.79611e-14 -8.67074e-14 4.38644e-17 3.33882e-17 
-11.1262 2.20422e-17 1.63517e-16 -2.20687e-17 -3.77874e-14 -8.64995e-14 4.40283e-17 3.35021e-17 
-11.1238 2.21095e-17 1.63795e-16 -2.21361e-17 -3.76144e-14 -8.62921e-14 4.4192e-17 3.36158e-17 
-11.1214 2.21768e-17 1.64071e-16 -2.22035e-17 -3.74423e-14 -8.60852e-14 4.43555e-17 3.37292e-17 
-11.119 2.22439e-17 1.64347e-16 -2.22708e-17 -3.7271e-14 -8.58788e-14 4.45189e-17 3.38424e-17 
-11.1166 2.23109e-17 1.64622e-16 -2.2338e-17 -3.71005e-14 -8.56729e-14 4.4682e-17 3.39554e-17 
-11.1142 2.23779e-17 1.64896e-16 -2.24052e-17 -3.69308e-14 -8.54675e-14 4.48451e-17 3.4068e-17 
-11.1118 2.24448e-17 1.65169e-16 -2.24722e-17 -3.67619e-14 -8.52626e-14 4.50079e-17 3.41805e-17 
-11.1094 2.25116e-17 1.65442e-16 -2.25392e-17 -3.65938e-14 -8.50582e-14 4.51706e-17 3.42926e-17 
-11.107 2.25782e-17 1.65715e-16 -2.2606e-17 -3.64265e-14 -8.48542e-14 4.5333e-17 3.44045e-17 
-11.1046 2.26449e-17 1.65986e-16 -2.26728e-17 -3.626e-14 -8.46508e-14 4.54953e-17 3.45162e-17 
-11.1022 2.27114e-17 1.66257e-16 -2.27395e-17 -3.60943e-14 -8.44478e-14 4.56575e-17 3.46276e-17 
-11.0998 2.27778e-17 1.66527e-16 -2.28061e-17 -3.59294e-14 -8.42453e-14 4.58194e-17 3.47387e-17 
-11.0974 2.28441e-17 1.66797e-16 -2.28726e-17 -3.57652e-14 -8.40434e-14 4.59812e-17 3.48496e-17 
-11.095 2.29104e-17 1.67065e-16 -2.2939e-17 -3.56018e-14 -8.38419e-14 4.61428e-17 3.49603e-17 
-11.0926 2.29765e-17 1.67334e-16 -2.30054e-17 -3.54392e-14 -8.36408e-14 4.63042e-17 3.50706e-17 
-11.0902 2.30426e-17 1.67601e-16 -2.30716e-17 -3.52774e-14 -8.34403e-14 4.64654e-17 3.51807e-17 
-11.0878 2.31086e-17 1.67868e-16 -2.31378e-17 -3.51163e-14 -8.32402e-14 4.66265e-17 3.52906e-17 
-11.0854 2.31745e-17 1.68134e-16 -2.32038e-17 -3.4956e-14 -8.30407e-14 4.67873e-17 3.54002e-17 
-11.083 2.32403e-17 1.68399e-16 -2.32698e-17 -3.47965e-14 -8.28416e-14 4.6948e-17 3.55095e-17 
-11.0806 2.3306e-17 1.68664e-16 -2.33357e-17 -3.46377e-14 -8.26429e-14 4.71085e-17 3.56186e-17 
-11.0782 2.33716e-17 1.68928e-16 -2.34015e-17 -3.44797e-14 -8.24448e-14 4.72688e-17 3.57274e-17 
-11.0758 2.34371e-17 1.69192e-16 -2.34672e-17 -3.43224e-14 -8.22471e-14 4.74289e-17 3.58359e-17 
-11.0734 2.35025e-17 1.69455e-16 -2.35328e-17 -3.41658e-14 -8.20499e-14 4.75888e-17 3.59442e-17 
-11.071 2.35679e-17 1.69717e-16 -2.35983e-17 -3.401e-14 -8.18532e-14 4.77485e-17 3.60522e-17 
-11.0686 2.36331e-17 1.69978e-16 -2.36638e-17 -3.38549e-14 -8.1657e-14 4.79081e-17 3.61599e-17 
-11.0662 2.36983e-17 1.70239e-16 -2.37291e-17 -3.37006e-14 -8.14612e-14 4.80674e-17 3.62674e-17 
-11.0638 2.37633e-17 1.70499e-16 -2.37944e-17 -3.3547e-14 -8.12659e-14 4.82266e-17 3.63746e-17 
-11.0614 2.38283e-17 1.70759e-16 -2.38595e-17 -3.33941e-14 -8.1071e-14 4.83856e-17 3.64816e-17 
-11.059 2.38932e-17 1.71017e-16 -2.39246e-17 -3.32419e-14 -8.08766e-14 4.85444e-17 3.65883e-17 
-11.0566 2.3958e-17 1.71276e-16 -2.39896e-17 -3.30905e-14 -8.06827e-14 4.87029e-17 3.66947e-17 
-11.0542 2.40227e-17 1.71533e-16 -2.40544e-17 -3.29397e-14 -8.04893e-14 4.88613e-17 3.68008e-17 
-11.0518 2.40873e-17 1.7179e-16 -2.41192e-17 -3.27897e-14 -8.02963e-14 4.90195e-17 3.69067e-17 
-11.0494 2.41518e-17 1.72046e-16 -2.41839e-17 -3.26404e-14 -8.01038e-14 4.91775e-17 3.70123e-17 
-11.047 2.42162e-17 1.72302e-16 -2.42485e-17 -3.24918e-14 -7.99117e-14 4.93354e-17 3.71177e-17 
-11.0446 2.42805e-17 1.72557e-16 -2.43131e-17 -3.23439e-14 -7.97201e-14 4.9493e-17 3.72228e-17 
-11.0422 2.43448e-17 1.72811e-16 -2.43775e-17 -3.21967e-14 -7.9529e-14 4.96504e-17 3.73276e-17 
-11.0398 2.44089e-17 1.73065e-16 -2.44418e-17 -3.20502e-14 -7.93383e-14 4.98076e-17 3.74321e-17 
-11.0374 2.4473e-17 1.73318e-16 -2.4506e-17 -3.19044e-14 -7.91481e-14 4.99646e-17 3.75364e-17 
-11.035 2.45369e-17 1.7357e-16 -2.45702e-17 -3.17593e-14 -7.89583e-14 5.01215e-17 3.76404e-17 
-11.0326 2.46008e-17 1.73822e-16 -2.46342e-17 -3.16148e-14 -7.8769e-14 5.02781e-17 3.77441e-17 
-11.0302 2.46645e-17 1.74073e-16 -2.46982e-17 -3.14711e-14 -7.85802e-14 5.04345e-17 3.78475e-17 
-11.0278 2.47282e-17 1.74323e-16 -2.47621e-17 -3.1328e-14 -7.83918e-14 5.05907e-17 3.79507e-17 
-11.0254 2.47918e-17 1.74573e-16 -2.48258e-17 -3.11856e-14 -7.82038e-14 5.07468e-17 3.80536e-17 
-11.023 2.48552e-17 1.74822e-16 -2.48895e-17 -3.10439e-14 -7.80163e-14 5.09026e-17 3.81563e-17 
-11.0206 2.49186e-17 1.75071e-16 -2.49531e-17 -3.09028e-14 -7.78293e-14 5.10582e-17 3.82587e-17 
-11.0182 2.49819e-17 1.75319e-16 -2.50166e-17 -3.07624e-14 -7.76427e-14 5.12136e-17 3.83607e-17 
-11.0158 2.50451e-17 1.75566e-16 -2.508e-17 -3.06227e-14 -7.74565e-14 5.13688e-17 3.84626e-17 
-11.0134 2.51082e-17 1.75813e-16 -2.51433e-17 -3.04836e-14 -7.72708e-14 5.15238e-17 3.85641e-17 
-11.011 2.51712e-17 1.76059e-16 -2.52065e-17 -3.03452e-14 -7.70855e-14 5.16787e-17 3.86654e-17 
-11.0086 2.52341e-17 1.76304e-16 -2.52696e-17 -3.02075e-14 -7.69007e-14 5.18333e-17 3.87664e-17 
-11.0062 2.5297e-17 1.76549e-16 -2.53326e-17 -3.00704e-14 -7.67163e-14 5.19877e-17 3.88671e-17 
-11.0038 2.53597e-17 1.76793e-16 -2.53956e-17 -2.99339e-14 -7.65324e-14 5.21419e-17 3.89676e-17 
-11.0014 2.54223e-17 1.77037e-16 -2.54584e-17 -2.97981e-14 -7.63489e-14 5.22958e-17 3.90678e-17 
-10.999 2.54848e-17 1.7728e-16 -2.55211e-17 -2.96629e-14 -7.61658e-14 5.24496e-17 3.91677e-17 
-10.9966 2.55473e-17 1.77522e-16 -2.55838e-17 -2.95284e-14 -7.59832e-14 5.26032e-17 3.92673e-17 
-10.9942 2.56096e-17 1.77764e-16 -2.56463e-17 -2.93945e-14 -7.5801e-14 5.27566e-17 3.93666e-17 
-10.9918 2.56719e-17 1.78005e-16 -2.57088e-17 -2.92612e-14 -7.56193e-14 5.29097e-17 3.94657e-17 
-10.9894 2.5734e-17 1.78245e-16 -2.57711e-17 -2.91286e-14 -7.5438e-14 5.30627e-17 3.95645e-17 
-10.987 2.57961e-17 1.78485e-16 -2.58334e-17 -2.89966e-14 -7.52571e-14 5.32155e-17 3.96631e-17 
-10.9846 2.5858e-17 1.78724e-16 -2.58956e-17 -2.88652e-14 -7.50767e-14 5.3368e-17 3.97613e-17 
-10.9822 2.59199e-17 1.78963e-16 -2.59576e-17 -2.87344e-14 -7.48967e-14 5.35203e-17 3.98593e-17 
-10.9798 